17994 26099 25403 20450 26067 8889 18023 17995 26030 17942 8650 3517 8881 5853 26061 17632 19751 27787 26277 25351 18043 25454 25393 14855 20493 20469 17232 26078 8696 17989 28372 25459 26044 18048 26528 17760 19046 15287 28084 17949 20483 17227 25328 20505 20472 8624 28409 8767 20502 28588 8884 26060 27071 578 21296 8642 7940 6728 28455 26381 8629 28401 28805 10657 482 19846 16959 13899 16668 6770 8660 10660 28800 26260 17243 6015 18008 17213 4226 25376 17951 12401 8655 21534 1972 18024 20503 20474 5445 19962 6310 10131 14963 24477 23659 26065 9579 9663 11130 26040 
25403 17994 26099 20450 26067 8889 18023 26030 17942 17995 3517 26277 25351 8881 19751 5853 8650 26061 17632 27787 18043 25393 14855 20493 20469 26078 25454 17989 8696 25459 28372 26044 18048 19046 20483 26528 17760 17949 28084 15287 17227 17232 20505 25328 8624 20502 17647 8767 28409 20472 28588 8884 6728 26060 578 21296 8642 8629 10657 7940 26381 28455 482 13899 28805 28401 16959 19846 10660 6770 16668 8660 6015 17213 17243 4226 28800 17951 25376 26260 18008 8655 21534 12401 18024 1972 20474 20503 5445 10131 23659 24477 11130 26065 9663 14963 25322 18997 9579 26040 
25403 17994 26067 20450 26099 8889 5853 17942 8650 18023 27787 3517 26061 26277 25351 17995 20469 19751 8696 8881 25459 17632 26078 17232 25454 20493 26044 14855 26528 6728 17760 17227 20483 20472 18043 16668 20505 25393 18048 578 26060 28805 28455 14963 17949 26381 27071 3684 6310 8624 6015 12401 28372 13899 16036 15287 21296 28401 4265 16667 8660 17989 3614 25376 28800 17951 28084 20502 19846 8655 17213 10131 12431 8884 10657 20474 66 25328 6770 9579 2941 17243 20503 26040 3681 21534 26059 716 8642 1094 18997 8767 26196 16392 20507 24901 26065 9663 24477 7940 
26099 25403 8889 8650 17994 26030 26067 20450 8881 5853 26277 25351 17232 17942 19046 3517 28372 18023 19751 20493 17760 25459 28409 27071 25454 14855 17227 25328 17647 8696 8767 26078 17632 15287 20505 6728 8642 28588 20483 26528 28401 10657 18043 18048 17949 16668 26381 8624 14963 26061 28084 10660 8884 1972 6015 6310 28455 13899 19846 26044 16036 20502 21534 578 16667 26060 7940 17989 27852 28800 20472 9579 21296 12431 17243 25376 8890 4265 3477 6770 1094 8660 27984 8655 1847 20503 20474 24477 12401 3684 9663 5445 26196 1873 19962 16392 14083 8829 16177 16345 
25403 26099 17994 17995 18023 8889 17942 8881 20450 26067 26030 3517 14855 26061 18043 25454 25351 19751 26277 28372 27787 17647 8650 17989 19046 20493 26078 26044 5853 28084 25393 25328 25459 18048 17632 28588 8629 8696 16959 8767 20483 17232 10657 26528 15287 8624 28401 8642 20505 482 13899 27071 8660 8884 18024 28409 12401 20502 10660 4226 21296 18008 17949 24477 26060 578 17243 17990 6770 19846 17951 28800 28805 6015 19962 25376 7940 17213 5445 17760 26260 19368 20503 26381 17933 16668 9663 17971 26040 26065 17681 26059 10803 8655 20474 19731 18002 9579 22005 8890 
25403 17994 26099 20450 26067 8889 18023 26030 17942 17995 8650 3517 25351 26277 19751 5853 17632 26061 8881 18043 25454 25393 14855 19046 20469 20493 17232 26078 17989 25459 17647 8696 26044 20483 28372 27787 18048 26528 17760 15287 17949 28084 17227 20502 20472 25328 20505 8767 28588 8624 8884 26060 578 28409 27071 21296 7940 26381 8629 28455 28805 10657 482 13899 6015 6770 28401 6728 16959 8642 17243 26260 8660 4226 25376 17213 28800 17951 8655 12401 18008 18024 21534 20503 20474 5445 1972 10131 24477 19368 23659 26065 17681 27852 25322 9579 9663 26196 19962 26040 
25403 17994 26099 26067 20450 26030 17942 17995 18023 26277 25351 5853 8650 26061 17632 19751 3517 8889 27787 25393 25454 20493 20469 26078 25459 18043 8696 17232 26044 20483 18048 17949 26528 14855 8881 17760 17227 20472 20505 15287 8624 28409 8767 17989 27071 20502 26060 6728 578 16668 28805 26381 16959 482 28455 6015 21296 17213 4226 28401 13899 26260 28084 17951 12401 8660 18008 17243 8655 10131 6770 28800 25376 1972 8884 7940 19846 6310 14963 8642 28372 17647 18024 20503 21534 25328 20474 11130 16036 26040 26065 18997 26196 24901 26059 27852 16667 23659 5445 3684 
17994 8889 26099 20450 18023 26067 3517 17995 14855 8881 8650 19751 17942 26061 28372 18043 26277 20469 20493 25328 25351 28084 26044 17760 25454 15287 17989 17227 17232 19046 8629 26528 28588 8624 8696 10660 17632 5853 7940 27787 8642 25459 8767 28409 24477 6770 21296 18048 27071 19846 8884 10657 28401 20483 18024 26078 26060 9663 8660 28455 20474 21534 28805 25393 18008 26381 26065 578 17243 20503 8655 17213 20502 10818 9857 9579 4226 23659 14388 26040 16668 6015 25322 24540 8829 19962 24901 19731 22005 482 3684 17990 6728 26059 26260 17951 10803 13331 20507 8890 
25403 26099 26067 20450 17994 18023 17942 26030 17995 3517 25351 5853 26061 26277 27787 19751 8650 25454 17632 20469 20493 26078 14855 19046 18043 17989 8696 17647 25393 26044 8881 18048 25459 17232 26528 17760 17949 28084 15287 20502 17227 20483 20505 8624 8767 28409 26060 25328 20472 28588 578 8884 28372 21296 6728 7940 13899 482 28455 16959 26381 8642 6015 16668 28805 6770 4226 28800 8629 17213 25376 28401 12401 18008 17243 8655 26260 8660 18024 20503 5445 20474 17951 19846 10131 6310 19368 24477 14963 26065 17681 24901 18997 26059 25322 26040 26196 23659 27852 3684 
8650 20450 16668 26030 5853 27787 17232 26099 1972 25403 17942 3614 26067 27071 26277 14963 17995 6310 27984 6728 28409 17632 18023 3684 8696 25393 2941 25351 3517 19751 3681 12431 8767 4265 26381 12401 3673 26528 25454 25459 66 1847 17760 16614 24924 16345 18048 28805 2656 20483 15287 18133 26260 26190 28800 27852 12734 20502 20630 17989 16392 17951 20469 578 11576 20493 18914 7097 14218 14302 16036 24385 14315 882 14855 5445 2765 22214 15048 20572 25408 25172 716 26044 8788 28455 15607 14385 17227 24996 16667 17213 19269 28366 22750 14955 2884 4226 27989 5408 
