25403 17994 26099 26067 20450 26030 8650 17942 26277 8889 17995 18023 25351 5853 26061 19751 27787 3517 20493 25459 25454 17632 26078 20469 25393 8696 8881 17232 26044 18048 14855 20483 26528 17949 18043 17227 17760 20505 20472 28409 8624 27071 8767 20502 26060 6728 578 17989 16668 15287 28805 28455 16959 28800 13899 6015 21296 28372 28401 28084 12401 26381 4226 10131 6770 17213 1972 18008 25376 17951 8884 26260 7940 8655 8660 17243 19846 482 6310 14963 17647 21534 25328 8642 20474 16036 10657 24901 9579 27852 16667 3684 18997 20503 26065 26059 11130 18024 4265 19962 
25403 17994 26099 26067 20450 8889 18023 26030 17995 17942 3517 8650 25351 26277 19751 8881 26061 5853 18043 25454 27787 14855 17632 19046 20469 26078 17989 25393 20493 25459 17647 26044 28372 8696 18048 17232 20483 17949 28084 17760 17227 25328 15287 26528 20505 20472 20502 28588 8624 26060 8767 21296 578 8629 7940 27071 8884 482 10657 28455 13899 16959 28805 6770 26381 25376 17243 8660 4226 8642 28401 6728 18024 6015 18008 28409 8655 21534 12401 28800 20503 16668 17213 26260 20474 24477 5445 17951 26065 10131 19368 23659 25322 26040 9579 17681 18997 26059 26196 11130 
17994 26099 25403 26067 20450 26030 17942 8889 17995 25351 3517 26061 26044 18048 5853 26078 26277 8881 25459 8650 17949 20493 17227 8696 25454 19751 16959 8624 17760 14855 18043 17232 26060 578 20505 27787 17989 13899 28084 17990 28372 25328 26528 25376 6770 20503 20472 18008 26065 7940 8660 482 20483 20502 17933 25393 4226 25416 18002 21296 20474 24477 15287 846 17632 17243 9663 10131 12263 28455 28805 10657 21534 17213 14388 8767 17681 17978 28588 28409 17971 26040 8655 26196 10660 26381 8629 19731 12401 6015 8829 15158 24901 17164 26059 18997 11130 24540 8642 18016 
25403 26099 17994 26067 8889 17995 20450 18023 17942 3517 18043 25351 25454 20469 17989 26030 26078 5853 8881 27787 18048 8696 26061 19751 26277 25459 26528 20493 17760 14855 21296 25328 26060 26044 28588 17227 8650 28372 17232 18024 8629 17949 19046 28084 16959 20502 10660 482 578 25393 6770 20503 17990 15287 8624 17632 13899 26065 20505 17243 12401 7940 8655 4226 17681 24477 25322 17933 9663 8660 23659 18008 10657 25376 20474 18002 846 28455 26196 17213 9857 24540 26260 12263 10131 28805 17162 17971 21534 8642 26059 28401 17978 9579 26040 19846 20507 8767 18997 6015 
25403 17994 26099 26067 20450 17942 26030 17995 18023 8889 25351 26061 3517 19751 5853 26277 27787 20469 8650 18043 8696 8881 20493 25459 25454 26078 14855 26044 17232 17949 17632 18048 26528 17760 17227 25393 20505 20483 20472 17989 8624 26060 15287 578 16959 21296 20502 482 27071 28372 28084 16668 6770 13899 4226 7940 26381 25376 12401 18008 8660 28805 10131 28401 18024 25328 17951 6015 8655 20503 17213 17243 8884 28455 19846 20474 10657 21534 14963 26065 6310 17647 17990 11130 9579 6728 24477 18997 16036 23659 3684 8767 26059 28800 24901 25416 26196 4265 8642 26040 
25403 17994 26099 26067 20450 18023 26030 17942 17995 8889 3517 26277 8650 25351 19751 26061 5853 27787 18043 25454 8881 25393 17632 20493 14855 20469 25459 17232 26078 17989 8696 26044 18048 19046 17647 17760 26528 15287 28372 17949 28084 17227 20483 20505 25328 8624 28409 20502 8767 8884 26060 28588 27071 20472 21296 578 7940 8642 28805 28455 26381 13899 6728 8629 482 16959 28401 19846 16668 26260 6770 10660 17243 8660 4226 17213 6015 12401 18008 25376 28800 8655 18024 21534 20503 20474 5445 17951 24477 10131 9579 6310 26065 23659 26040 19368 19962 17681 14963 27984 
17994 26099 20450 26067 17995 26030 8889 17632 26277 18023 8650 27787 17942 19751 25351 5853 3517 20493 26061 20469 8696 8881 17232 20483 25393 14855 26044 18048 25459 17227 17949 17760 28409 8624 15287 20505 18043 6728 27071 25454 8767 26528 20472 16668 578 26381 26060 28805 6015 26078 28455 28401 16959 20502 482 4226 8660 12401 28372 17213 17989 8884 26260 17951 19846 28084 18008 6770 6310 14963 27984 8655 8642 7940 21296 28800 16036 10131 21534 25328 10818 20474 9579 16667 10657 24901 26040 1847 27852 20572 3684 20503 19962 26065 18024 16345 26059 4265 11130 26196 
17994 26099 20450 8889 26067 18023 8650 8881 3517 26277 17995 14855 17942 19751 5853 20493 20469 25351 26061 28372 27787 8696 19046 25393 17632 17989 17760 17232 26044 17227 25459 25454 18043 25328 26528 17949 20483 8767 578 15287 8624 18048 6728 28409 28588 28084 20472 10657 26060 26381 26078 28805 8642 19846 20505 28401 8629 10660 21296 8660 8884 6770 6015 20502 12401 28455 26260 17951 7940 3684 8655 28800 17647 17213 18008 4226 1972 20474 4265 27984 10818 21534 482 25376 20503 24477 10131 9663 11130 18024 26040 26065 9579 19368 26059 17243 8890 16959 24901 3614 
25403 17994 26099 26067 20450 26030 18023 17995 8889 17942 26061 5853 25351 3517 27787 19751 25454 18043 8881 8696 25459 26277 26078 25393 20469 8650 18048 17232 14855 20493 17949 26528 8624 17760 17989 20502 20505 26060 16959 482 26044 3684 17227 21296 578 28372 27071 4226 6770 13899 16668 15287 12401 18008 7940 18024 28401 25376 6728 4265 8884 3614 20472 10657 8655 10131 26260 8767 25328 26381 66 28084 8660 20474 17243 20503 716 17990 3681 23659 9579 26065 21534 16036 26059 14963 17213 2941 24477 6310 17933 11130 18997 26040 3673 20483 25416 16667 846 20507 
25403 26099 17994 20450 18023 26067 17995 8889 17942 5853 3517 14855 19751 25351 20469 26078 8881 18043 26030 3684 26061 25454 17989 15287 26044 8624 28084 25328 8696 18048 21296 7940 17227 482 26277 26528 4265 28588 20493 26060 13899 578 24477 2941 16959 66 28372 20503 3614 8629 17232 20502 8655 4226 3681 21534 20474 17990 28401 10660 20483 17949 2765 6770 17243 2656 9663 26065 5705 8767 3673 2884 17933 716 8884 17632 2734 25376 17681 17213 11130 26040 20505 22005 6015 18024 1615 28455 18002 8660 9857 25322 26059 12263 2746 5445 14388 17951 24540 846 
