25403 17994 26067 20450 26099 17942 8889 18023 25351 3517 5853 26277 8650 26078 20469 17632 17995 25454 25459 19751 8881 26044 8696 26061 25393 20493 14855 26528 17227 20483 18043 6728 20505 3684 17232 17760 20472 18048 26060 3614 28805 13899 578 21296 8767 28401 2941 4265 8624 28372 8655 26260 17951 17989 25376 28084 66 3681 16668 24901 6015 17949 716 8660 6770 17243 21534 10657 10131 17213 25328 26065 3673 26040 26059 15287 20474 10818 8642 2656 20503 2765 18024 26196 5705 9663 8884 28366 882 24477 2734 25416 2884 3477 22005 7940 1094 4981 20502 15914 
25403 20450 26067 17994 26099 17942 18023 3517 5853 17632 20469 17995 25454 26078 19751 3684 26277 25351 25459 20472 25393 26061 2941 26044 20483 3614 8696 14855 4265 17227 66 20493 3681 17232 17949 20505 18043 716 3673 8624 8881 26528 16959 16668 17989 18048 15287 6015 578 13899 6728 8767 28084 2656 21296 2765 14963 28800 8655 5705 26060 28401 4226 26260 17213 25376 2884 10131 17243 26381 882 482 20503 20502 1615 20474 17760 2734 6770 5906 16667 2746 17951 26065 26040 24901 8884 19846 26196 25416 6310 416 17990 9462 10818 8660 28366 7940 17647 6288 
25403 20450 26067 17942 17994 25351 18023 17995 26030 5853 26078 26277 25459 19751 26061 8650 3517 18043 17989 20469 20493 19046 25393 18048 3684 17760 20502 17232 6728 4265 8696 8884 26528 14855 578 20483 20505 17647 3614 26044 17949 2941 8624 26060 66 8881 3681 17227 13899 482 716 3673 16959 6770 26381 21296 8655 28805 8767 4226 28084 20474 2656 5445 10818 17213 18024 25376 28401 2765 26059 24901 28800 8629 5705 27852 8660 15287 28372 17951 20503 26065 2884 20472 18997 9579 17681 25322 17990 6015 8642 26196 19368 2734 23659 5906 1615 2746 26040 882 
17994 25403 26067 20450 26099 26030 17995 17942 18023 8650 8889 19751 3517 20469 18048 17632 25351 6728 26078 25459 20493 25454 14855 26061 8696 18043 20483 17760 26528 27071 17232 15287 8881 17227 3684 8624 578 6015 16959 26060 4265 3614 28800 28409 17213 28805 8767 6770 26044 8884 2941 482 4226 8660 17989 28372 66 24901 21296 17949 3681 7940 20474 17951 20505 10657 9579 716 21534 28401 26065 25328 17243 3673 26040 26059 26381 18024 11130 27852 20502 20503 28366 24477 2656 17990 8655 10131 2765 882 10818 8890 26196 25393 8642 5705 3477 14388 19731 17933 
3684 3681 4265 66 2765 3614 2656 25403 716 20450 5705 3673 26030 5906 2884 5849 17994 2746 26067 2736 17942 8650 882 6288 17227 416 733 887 3517 156 5853 17232 1615 14855 2660 26277 2734 19751 749 160 8624 17760 26061 26078 18048 4653 25351 8696 900 20502 578 8881 2923 2709 27852 26381 25454 20474 28084 5708 20505 4548 144 13065 286 6770 969 24477 26044 13899 8884 4981 20472 20493 22005 5823 998 26059 6167 3477 26528 6045 2801 26060 8655 26196 822 25376 15287 8767 8642 2681 17632 3509 9011 6728 28805 17949 4702 26040 
17994 8889 20450 18023 26067 25403 17995 19751 8881 17632 26030 26061 14855 18043 26277 8650 25393 28372 25351 3517 25454 19046 20469 20493 25459 18048 17760 27787 17989 26078 20472 8642 10657 28409 15287 6728 8624 8696 17647 8884 8767 8629 578 26044 20483 16959 17232 26381 16668 10660 17949 19846 8660 27071 26260 25328 20502 28084 21534 28800 28805 6770 9663 17213 4226 28401 18008 20505 18024 26528 6015 20474 3684 8890 7940 17951 11130 20503 23659 26059 3614 26060 19368 6310 24477 10803 4265 12401 21296 1972 17990 16667 9462 482 3477 26065 8317 9579 25376 14315 
25403 26099 26067 20450 17994 17942 26030 17995 18023 26277 25351 3517 5853 17632 20469 26078 25454 20493 19751 25393 8650 18048 26061 17949 8696 26044 25459 18043 20472 14855 26528 17227 17760 20483 8624 20505 17232 17989 8767 15287 6728 28409 578 8881 482 26060 6015 20502 21296 16959 4226 26381 17213 28805 3684 13899 8655 28084 8884 10131 7940 6770 17243 25376 26260 17647 4265 28800 8660 28401 18024 20503 20474 17951 24901 11130 19846 26065 2941 17990 3614 26059 26196 8642 27852 26040 25416 23659 24477 3681 25328 66 716 3673 20507 17933 12401 846 17971 10818 
25403 20450 26067 17994 17942 25351 3684 2941 3681 4265 26078 66 18023 20469 3614 3517 2765 2656 18048 26277 5853 17232 8696 20502 716 2884 26030 3673 578 17995 17760 26061 5705 17227 2746 25393 749 8650 26060 14855 26528 5906 19751 18043 8655 6288 26044 8624 1615 2660 13899 6770 10818 25376 20493 5849 20472 416 733 26065 20503 6015 887 4653 4981 25416 20505 21296 17213 20474 12401 28805 6728 24901 6045 22005 17989 24477 8884 852 2923 20483 3477 8642 26040 846 26196 23659 10131 17949 156 25322 8660 26100 8767 774 2801 2734 969 4226 
26099 17994 20450 8889 25403 26067 18023 17995 8881 26030 3517 17942 18043 26061 19751 14855 25351 20469 25454 17989 26277 28372 8650 26044 8696 25328 28084 5853 26078 18048 25459 17760 25393 20493 28588 8629 19046 21296 15287 26528 17227 20472 27787 7940 17232 26060 20505 578 10660 10657 8884 20503 20502 17949 18024 17632 482 13899 8624 24477 6770 8642 21534 25376 8767 8660 20483 18008 16959 26065 23659 8655 17243 9663 20474 28805 12401 26381 25322 17990 4226 26260 10131 846 9857 25416 17213 19846 24540 26040 22005 28401 10803 6728 26059 3477 27852 5445 17951 26042 
8889 17994 25403 20450 26067 3684 4265 3614 18023 66 19751 14855 8881 3517 26061 3681 2941 28372 17995 716 2765 20469 17942 3673 17632 25351 5705 2656 26030 2884 17760 20493 18043 28084 8650 17227 27787 10657 18048 1615 26078 578 2746 5906 5853 25459 749 20483 882 20472 26060 416 10660 5849 6770 19046 733 6288 25393 2736 8624 8884 8629 8696 17232 17989 26528 21534 887 8655 25328 20505 2734 13899 20474 24477 26065 6015 4653 852 8660 3477 15287 2660 26044 28805 8642 160 156 17949 26059 286 20502 10131 18008 17681 19846 25376 10803 7940 
