2890 7368 357 1127 21462 7198 1094 22422 25438 695 13593 12431 12194 27345 20572 11308 22038 23801 14645 26171 25279 3581 6349 2262 19269 13847 15739 13382 1994 3041 1752 6465 15113 27984 21161 9471 26505 28062 25795 27178 19939 4117 17661 4675 2491 27017 24624 25658 20650 19909 4642 24585 19190 19950 13582 21546 8889 3216 482 28764 6279 22672 21767 5853 22143 22753 18110 2967 27121 26752 3508 21431 15292 6728 22627 16747 115 16444 14083 18428 28559 25827 27512 12961 15816 5973 6460 25172 1471 25714 28401 16323 15587 23788 28178 16981 18688 26464 21534 20950 
2890 7368 357 1127 21462 7198 1094 25438 695 28592 10588 12194 20572 11308 23801 14645 19643 26171 25279 3581 28800 6349 2262 13847 15739 15308 3041 1752 8998 6465 27984 19618 16407 21161 9471 26505 28062 25795 27178 28214 19939 6883 17661 4675 2491 24624 25658 3409 19909 4642 2789 16160 19190 19950 13582 3216 482 24385 5853 22143 22753 2967 27121 26752 15292 6728 22627 16747 16444 18428 14083 28559 25827 12961 6460 20153 17647 25714 21768 27355 28401 23788 28178 27020 26464 21534 20950 26071 22870 766 27028 27852 578 7104 4095 15670 16457 3852 23693 17639 
2890 7368 357 12889 1127 21462 7198 25438 695 2345 10588 12194 5399 20572 11308 22038 23801 14645 19643 26171 25279 3581 28800 3038 6349 2262 15739 25205 3041 24996 1752 6465 15113 22320 25238 19046 16407 21161 9471 26505 28062 25795 27178 19939 4117 4675 2491 27017 25658 19909 3409 4642 1002 19190 13582 21546 3216 482 28764 5445 21767 24385 5853 22143 22753 18110 28455 2967 27121 26752 23127 25477 15292 6728 22627 16747 16444 14083 18428 28559 6460 5973 25172 17647 1471 28401 22222 23788 28178 16981 21534 26464 20950 26071 12071 2233 766 27028 27852 578 
2890 7368 357 1127 27071 21462 7198 22422 695 2345 28592 10588 12194 5399 23564 27345 20572 11308 22038 15777 23801 14645 19643 7849 26171 3581 28800 3038 6349 2262 19269 13321 13847 15739 13382 24996 1752 6465 15113 16407 21161 9471 26505 25795 28062 27178 19939 26234 4117 25187 6883 4675 2491 25658 19909 4642 1002 2789 24585 13360 19190 19950 13582 8889 21546 3216 482 17624 28764 5445 24385 21767 6279 22672 22143 22753 28455 27121 2967 26752 3508 23127 25477 28409 15292 23823 6728 16747 115 16444 18428 28559 25827 27512 15816 12961 6460 5973 25172 20153 
2890 7368 357 1127 7198 25438 695 20572 11308 23801 14645 25279 3581 3038 2262 13847 15739 25205 1994 8998 1752 6465 15113 9471 26505 25795 27178 19939 4117 17661 25658 19909 3409 4642 19190 13582 3216 482 6279 22672 5853 2967 27121 22149 26752 15292 6728 22627 16747 115 18428 28559 15816 6460 25172 28401 16323 15587 28178 21534 20950 26071 766 27852 578 7104 3852 14855 12951 4362 24477 19929 11780 15057 22053 4033 3763 27899 16086 20498 16176 20508 8624 27505 16526 5492 8594 18467 23789 23321 19619 22750 17760 27740 17632 6399 26030 27989 10658 17994 
2890 7368 357 12889 2802 1972 1127 27071 21462 14955 7198 1094 22422 25438 695 2345 28592 10588 13593 12431 12194 5399 23564 27345 20572 15777 23801 12734 27787 14645 19643 7849 27887 26171 25279 3581 20867 28800 3038 6349 2262 19269 13847 15739 25205 13382 1994 15308 24996 1752 8998 19618 15113 22320 25238 16407 19046 9471 25795 28062 27178 28214 19939 26234 4117 25187 6883 4675 17661 27738 27017 2491 25658 24624 3409 19909 20650 1002 4642 24585 13360 16160 19190 19950 13582 21546 8889 3216 482 17624 28764 5445 6279 21767 24385 22143 17678 22753 18110 2967 
2890 7368 357 1127 21462 7198 1094 22422 695 2345 12194 27345 20572 11308 22038 23801 14645 19643 7849 26171 20867 28800 3038 2262 13321 15739 25205 13382 1994 24996 3041 1752 6465 27984 15113 22320 16407 21161 9471 26505 28062 25795 27178 28214 19939 4117 17661 4675 25658 24624 3409 20650 19909 4642 24585 13360 16160 19190 19950 13582 21546 3216 482 28764 17624 5445 6279 22672 21767 5853 22143 22753 18110 2967 27121 22149 26752 16438 3508 28409 21431 15292 23823 6728 22627 16747 16444 18428 14083 28559 27512 15816 25195 12961 6460 5973 17647 1471 27355 28401 
2890 7368 357 1127 7198 1094 695 12431 11308 23801 14645 19643 25279 20867 3038 6349 2262 13847 13382 1752 6465 15113 16407 21161 9471 26505 28062 27178 19939 4117 4675 2491 25658 19909 4642 2789 19190 13582 3216 17624 6279 5853 22143 18110 2967 27121 22149 26752 16438 25477 15292 6728 16747 18428 14083 28559 27512 15816 5973 6460 27355 28401 28178 21534 20950 26071 766 27028 578 7104 3852 23693 14855 12951 4362 17192 24477 11780 8305 19929 15057 22053 21660 3763 27899 16176 20498 27505 8624 20508 25704 5492 8594 4017 23789 23321 18467 19619 16868 22750 
2890 7368 357 1127 21462 7198 695 12431 12194 11308 23801 14645 27787 19643 25279 20867 3038 6349 2262 15739 25205 1994 3041 1752 6465 15113 19046 21161 9471 26505 28062 25795 27178 19939 25658 24624 19909 4642 2789 13360 16160 19190 19950 13582 8889 3216 482 28764 17624 5445 5853 17678 22143 18110 27121 2967 22149 26752 16438 15292 6728 22627 16747 115 18428 14083 6460 20153 1471 25714 27355 28401 15587 27020 28178 26464 21534 338 20950 26071 2233 766 27852 27028 578 7104 4095 3852 16457 14855 12951 4362 24477 17795 21025 19929 15057 8305 26609 19095 
2890 7368 357 1127 7198 695 11308 23801 14645 27787 19643 26171 19269 13847 1752 6465 16407 19046 21161 9471 26505 28062 25795 27178 28214 19939 4117 6883 25658 19909 4642 2789 24585 19190 13582 8889 3216 17624 6279 21767 5853 18110 27121 2967 26752 25477 15292 22627 16747 115 18428 25195 6460 1471 17647 25714 27355 16323 15587 28178 21534 26464 20950 26071 1917 766 27028 578 7104 15670 3852 8979 26842 23693 25356 7972 4362 14855 24477 26609 8305 19929 11780 15057 21660 22053 28388 4033 3763 22745 27899 16176 20498 20508 27505 8624 5492 4017 8594 23789 
