1094 20572 15777 3038 13847 24996 27984 25238 19046 24624 3409 1002 5853 2967 6728 14083 1471 28178 19095 21477 25704 4017 26030 16359 18023 8788 25943 634 8713 5747 12019 20354 19040 6105 24373 17668 16146 19050 9942 9548 9085 12394 23715 21847 1755 8682 16279 22956 26038 27999 16177 27691 15607 12145 8650 7314 5802 20320 27653 28532 22047 27948 17626 19368 14767 2940 25950 28844 17491 25312 11174 28784 28119 15735 13644 26277 25403 13623 28962 551 10496 3867 14336 14210 19795 11028 11478 18815 26190 24612 6495 5767 23457 25340 28377 12405 28103 3316 9026 8473 
1094 11308 22038 12734 19269 13382 27984 19046 3409 1002 5853 6728 25172 1471 17647 27355 28178 15670 22053 21477 18467 14958 17632 13010 12730 28530 16652 8788 19443 21313 28059 25260 5747 12019 21580 16018 1520 8317 11130 18113 24373 27002 6105 3576 9942 9548 8457 9085 6310 25072 6223 26991 11513 12950 413 27999 16177 20472 27713 15607 24777 8650 27653 9462 28482 5802 6877 882 28532 12425 17626 23877 8516 25950 19458 24676 28844 25258 17491 7329 17232 11174 8820 28507 17681 19932 21400 20317 28753 6106 6157 13623 551 19694 20400 3867 27561 5411 14210 16850 
12889 27071 14955 7198 1094 12194 23564 20572 15777 7849 3581 28800 3038 6349 13847 25205 1994 15308 24996 1752 6465 27984 25238 19046 21161 9471 28062 19939 6883 27017 24624 25658 20650 3409 1002 19950 8889 21546 482 5445 22672 24385 5853 2967 28409 6728 14083 25172 17647 21768 15587 22222 28178 21534 338 20950 22870 27852 7104 15670 7972 21025 8305 21477 27899 20498 8624 4017 23789 14958 1125 3719 17632 26030 26099 4461 10658 9415 17994 24924 1599 7108 22214 15721 16359 18023 21465 8788 11641 2598 4981 634 18866 21313 3517 28059 8713 28372 5747 12019 
7368 21462 7198 1094 23564 11308 12734 27787 28800 2262 19269 13847 25205 13382 3041 24996 1752 27984 19618 25238 19046 21161 28214 19939 26234 24624 3409 20650 1002 4642 2789 19950 482 5445 22672 5853 18110 27121 6728 27512 12961 25172 17647 21768 27355 22222 27020 28178 20950 22870 1917 578 14855 17795 21025 8305 19929 19095 28388 21477 17749 16176 14302 8624 18467 19619 14958 16868 17632 26099 10658 17994 20743 12232 1599 26059 16359 18023 16652 8788 2598 19443 4981 19355 27985 21313 3517 28059 8713 2836 4668 12019 6361 1520 18133 8317 24757 11296 11130 26067 
12889 2802 1972 14955 7198 1094 12431 12194 5399 23564 20572 11308 22038 15777 27787 27887 3581 28800 3038 6349 2262 13321 13847 15739 15308 3041 1752 8998 6465 27984 15113 25238 19046 16407 21161 9471 27178 26234 17661 4675 2491 24624 20650 4642 1002 2789 8889 17624 21767 22672 5853 22143 18110 2967 27121 26752 28409 15292 6728 14083 27512 12961 25195 6460 1471 15587 28178 18688 20950 26071 2233 7104 3852 14528 17639 12951 4362 17795 15057 19929 28388 19095 21477 3763 27899 20498 16176 14302 8624 8594 4017 18467 23789 16182 23321 19619 14958 28008 1125 3719 
12889 20572 15777 27787 27984 25238 19046 17661 24624 3409 1002 4642 2789 5853 18110 6728 28178 21477 8624 14302 22750 24924 21465 8788 14233 634 28059 5747 24373 17668 13753 9942 19669 25926 9548 12394 27414 6223 21847 11513 8682 26538 13063 16036 23203 22777 27999 15607 21415 8650 7314 5007 1090 27653 17626 24179 2473 14767 15048 28896 24676 17491 8715 28114 28423 11174 20317 1001 16659 23145 551 13623 10496 3867 14336 14210 5411 19795 3580 11028 13466 2815 5714 24612 6495 21815 779 10660 8473 5408 19404 2925 8881 7036 19650 18196 25004 18930 8850 8884 
12431 20572 28800 19269 13847 15308 1752 27984 19046 28062 27178 28214 27017 24624 20650 1002 4642 2789 8889 5445 6728 14083 25172 17647 21768 27355 28178 766 7972 19929 8305 21660 21477 20498 5492 14958 3719 17632 10658 9415 20743 12232 16359 18023 16652 11641 8788 2598 4981 20121 634 21313 3517 28059 28372 5747 3477 16018 1520 8317 9068 11130 28163 11296 6105 10803 24373 23278 17668 3576 10657 8485 11516 5647 28084 25072 21847 2787 11513 16345 413 24545 23203 24993 28588 27999 21007 13331 19846 26274 27713 15607 16667 1296 7314 8650 9462 5802 28482 20656 
12889 1972 27071 7198 22422 2345 13593 12194 5399 20572 11308 22038 15777 23801 12734 27787 7849 26171 25279 3581 28800 3038 6349 2262 13321 13847 25205 13382 15308 24996 3041 1752 6465 27984 19618 22320 25238 19046 16407 28062 27178 28214 19939 6883 17661 4675 2491 24624 25658 3409 20650 4642 2789 16160 8889 28764 5445 22672 6279 24385 21767 5853 22143 2967 27121 16438 23127 6728 14083 18428 12961 5973 25172 20153 1471 17647 21768 22222 15587 28178 16981 21534 26464 20950 22870 2233 27852 7104 15670 3852 17639 12951 21025 8305 15057 19095 22053 21477 16086 27899 
1094 2345 12431 12194 20572 11308 3038 6349 19269 27984 25238 19046 4117 6883 17661 24624 25658 20650 3409 1002 4642 2789 6728 25172 1471 21768 15587 28178 21534 20950 22870 15670 8979 21025 8305 15057 21477 14302 25704 4017 19619 1125 17632 27989 10658 2007 20743 17994 21559 1599 22214 16652 8788 24354 2598 19422 21313 28059 8713 28372 2836 12019 21580 3477 1520 11130 20354 6105 10803 17668 11576 3576 9942 10657 5681 9663 23812 5647 9085 6310 12394 27414 6223 2787 11513 11550 12950 16345 13702 5921 24727 22956 413 13063 24993 27999 7988 19846 16177 26274 
7368 12889 7198 1094 22422 2345 12431 12194 5399 23564 27345 20572 11308 27787 27887 28800 3038 6349 2262 13321 13847 15739 13382 1994 3041 1752 6465 19618 15113 22320 25238 19046 16407 27178 19939 25187 4675 2491 24624 19909 20650 3409 4642 1002 2789 16160 19950 8889 3216 17624 28764 5445 5853 28455 2967 27121 28409 15292 6728 16444 14083 28559 27512 12961 6460 5973 20153 1471 17647 28401 22222 28178 21534 26464 20950 12071 2233 27852 7104 3852 14528 8979 14855 17795 8305 11780 15057 19095 4033 21477 3763 22745 20498 8624 14302 25704 4017 16450 8594 23321 
