12889 1094 2345 12194 20572 6349 19269 27984 25238 19046 28062 27178 6883 24624 3409 8889 482 5445 5853 22143 2967 6728 25172 17647 15587 28178 20950 22870 25356 4362 20498 14302 25704 4017 14958 3719 17632 17994 21559 24924 22244 22214 5530 18023 8788 2598 19443 3517 8713 28372 25260 5747 3477 16018 8317 9068 11130 6105 10803 25408 17668 16146 11576 9942 8485 5681 11516 17942 12394 27414 28084 27391 2787 11550 12950 5921 13702 8682 12211 16279 22956 413 13063 24993 28588 27999 13331 19846 18940 16177 27713 11156 15607 3295 21415 28037 7314 8650 14351 5802 
7368 14955 7198 1094 23564 20572 15777 12734 3038 6349 19269 6465 27984 25238 19046 28214 26234 4117 4675 24624 25658 20650 3409 4642 2789 6279 22143 27121 2967 28409 6728 25172 21768 27355 15587 28178 18688 7104 8979 19095 20498 14302 25944 16182 18467 14958 28008 3719 17632 27989 10658 20743 24924 26397 12730 384 16652 8788 2598 19443 9862 10091 21313 4668 9895 5747 18831 10934 16018 1520 18133 8317 25800 11830 18869 9068 24757 11130 14220 12252 24373 23278 17668 25408 10000 9942 25926 6940 9548 23812 5647 17942 9085 28944 12394 16668 27414 6223 2787 11550 
7368 12889 2802 1972 27071 21462 14955 7198 22422 25438 2345 13593 12431 12194 5399 23564 20572 11308 22038 15777 23801 12734 27787 7849 27887 26171 25279 3581 20867 28800 3038 6349 2262 13321 13847 25205 13382 15308 24996 8998 6465 27984 22320 25238 19046 28062 27178 28214 19939 26234 4117 25187 6883 4675 2491 27017 24624 25658 19909 3409 20650 4642 2789 24585 16160 19950 8889 21546 28764 17624 5445 22672 21767 6279 24385 5853 22143 17678 28455 2967 27121 22149 26752 25477 23127 28409 15292 6728 18428 14083 28559 12961 25195 5973 25172 20153 17647 21768 27355 28401 
7368 12889 2802 1972 14955 7198 22422 25438 2345 13593 12431 12194 5399 20572 11308 22038 15777 23801 12734 14645 7849 27887 25279 3581 20867 28800 3038 6349 2262 19269 13321 13847 25205 13382 1994 15308 24996 3041 8998 6465 27984 22320 25238 19046 16407 9471 27178 28214 4117 6883 4675 2491 24624 25658 3409 20650 19909 4642 2789 24585 16160 19950 17624 28764 5445 24385 6279 21767 22672 5853 22143 28455 27121 2967 26752 3508 23127 25477 28409 15292 6728 18428 14083 28559 12961 5973 6460 25172 20153 17647 21768 28401 16323 22222 28178 16981 18688 26464 21534 20950 
12889 1094 13593 12194 20572 11308 22038 15777 12734 19643 3581 28800 6349 13321 13847 25205 13382 1752 27984 22320 25238 9471 28062 27178 28214 6883 27017 24624 25658 19909 3409 4642 1002 2789 16160 19950 8889 482 17624 5445 24385 5853 28455 2967 27121 6728 14083 18428 28559 12961 25172 1471 17647 21768 27355 28178 16981 18688 22870 7104 15670 8979 21025 8305 22053 21477 20498 14302 25944 16526 4017 23789 19619 14958 14707 3719 11760 22750 17632 4461 10658 9415 20743 21559 24924 1599 13010 7108 22214 26397 21575 25170 15721 28530 16359 5530 14881 21465 18023 8788 
2802 1094 22422 2345 20572 7849 6349 15308 24996 6465 19046 28062 27178 25658 24624 4642 24585 16160 8889 5853 3508 6728 16747 14083 17647 27355 28178 7104 8979 8305 4017 14958 3719 17632 28851 1599 22244 22214 1873 28035 2598 6683 14233 19443 9862 28372 9356 4668 11713 3477 18133 11130 10803 6105 24373 17668 16146 10657 8485 22817 9548 23812 9085 27414 6223 11513 11550 11389 12950 1755 24727 8682 9899 7988 16177 26702 12051 26274 20472 27713 12145 25986 16667 1296 8650 12057 1090 27653 9462 80 20656 6276 939 11105 11983 17777 7360 14767 2940 1790 
12889 21462 14955 1094 11308 15777 28800 8998 25238 19046 28062 24624 25658 3409 1002 8889 5445 5853 14083 17647 1471 28178 12951 20498 14302 4017 18467 14958 17632 26030 12343 18023 2598 4981 14233 21313 3517 28372 12019 3477 16018 18133 8317 27941 11130 10803 17668 16146 11319 17481 9942 8485 11516 3141 23812 17942 28944 16668 28084 6223 12950 24727 22956 28588 13331 19846 7988 16177 20472 27713 8650 7314 5802 9462 882 22047 17626 24179 11983 8372 19368 14767 8629 8516 24925 25258 7329 17232 28820 8820 17681 27255 20136 25393 20317 23145 6157 16537 25927 551 
12889 14955 7198 1094 13593 12431 12194 23564 20572 12734 27787 28800 3038 2262 1752 6465 25238 19046 21161 28214 4117 2491 24624 3409 4642 21546 482 22672 5853 18110 28455 2967 28409 6728 25172 17647 21768 27355 22222 28178 18688 21534 338 27852 7104 15670 21025 8305 19929 8624 14302 14958 22750 17632 6399 26030 26099 16475 17994 2007 24924 12232 1599 22214 26397 18023 16652 8788 24354 2598 14233 9862 21313 28059 3517 8713 2836 9895 21580 5747 16018 18133 8317 9068 28163 11296 21095 6105 28250 21299 17668 25408 13753 17481 18763 22817 19669 26447 9548 17942 
7368 12889 1972 14955 1094 2345 13593 12431 12194 5399 20572 11308 15777 12734 7849 3581 28800 3038 6349 2262 19269 13847 25205 15308 24996 1752 6465 27984 22320 25238 19046 21161 9471 28062 28214 25187 6883 4675 24624 25658 3409 1002 4642 2789 8889 482 17624 5445 21767 24385 6279 22672 5853 22143 28455 18110 2967 27121 25477 28409 6728 14083 28559 27512 12961 25195 5973 25172 1471 17647 21768 27355 15587 28178 27020 16981 18688 21534 20950 22870 766 7104 15670 8979 17639 7972 14855 15057 8305 21660 19095 21477 27899 17749 20498 14302 25944 25704 4017 23789 
7368 12889 2802 1972 27071 14955 7198 1094 13593 12431 12194 5399 23564 20572 11308 22038 15777 12734 27787 7849 25279 3581 28800 3038 6349 2262 13321 13847 25205 13382 15308 3041 24996 1752 8998 6465 27984 25238 19046 21161 9471 28062 28214 19939 26234 25187 6883 4675 2491 24624 25658 3409 20650 4642 1002 2789 16160 19950 8889 28764 5445 24385 6279 22672 5853 22753 28455 27121 2967 16438 23127 28409 23823 6728 14083 12961 5973 25172 1471 17647 21768 22222 28178 27020 16981 18688 21534 20950 22870 12071 7104 15670 8979 17639 7972 4362 12951 8305 15057 19929 
