1972 27071 14955 1094 13593 12431 12194 27345 20572 15777 28800 3038 6349 2262 19269 13847 25205 24996 1752 27984 19618 25238 19046 21161 9471 28062 27178 28214 19939 4117 2491 25658 24624 20650 3409 1002 4642 2789 19950 8889 482 5445 22672 24385 5853 2967 16438 28409 6728 14083 25172 17647 1471 21768 27355 16323 28178 27852 578 15670 8979 21025 8305 15057 19929 21477 20498 14302 8624 25704 4017 18467 14958 28008 3719 17632 26099 9415 2007 17994 20743 28851 24924 1599 7108 22214 4175 7977 6267 16359 14881 18023 19572 16652 8788 11641 2598 20827 4981 14233 
12889 1972 27071 14955 7198 1094 2345 12194 23564 20572 11308 15777 12734 27787 7849 25279 3581 28800 3038 6349 19269 13321 25205 13382 15308 24996 3041 1752 6465 27984 19618 25238 19046 21161 9471 28062 27178 19939 25187 6883 2491 24624 25658 20650 3409 1002 4642 2789 19950 21546 8889 482 28764 5445 24385 21767 6279 22672 5853 28455 18110 2967 27121 28409 6728 14083 12961 25172 1471 17647 27355 22222 28178 21534 22870 12071 27852 578 7104 15670 3852 7972 4362 21025 8305 15057 21477 4033 20498 14302 8624 25944 25704 4017 18467 19619 14958 16868 1125 3719 
7368 12889 1972 27071 21462 1094 12431 12194 27345 20572 12734 27787 25279 3581 28800 3038 6349 2262 19269 3041 1752 6465 27984 25238 19046 9471 19939 25187 6883 27017 2491 25658 24624 20650 3409 19909 4642 1002 2789 16160 19950 8889 482 28764 24385 22672 6279 5853 18110 28455 27121 2967 28409 6728 12961 25172 1471 17647 21768 27355 28401 28178 16981 18688 21534 20950 22870 7104 15670 8979 7972 12951 14855 8305 15057 21477 14302 8624 4017 18467 16182 19619 14958 1125 3719 22750 17632 26030 4461 27989 10658 9415 17994 2007 20743 24924 1599 22244 7108 4175 
12889 14955 1094 2345 12194 20572 27787 28800 3038 19269 25205 13382 24996 1752 6465 27984 25238 19046 28062 25795 28214 6883 2491 24624 25658 20650 3409 4642 19950 8889 21546 482 17624 5445 24385 22672 6279 5853 18110 28455 2967 25477 28409 6728 14083 28559 25172 17647 21768 28401 16323 15587 28178 16981 20950 22870 7104 4362 21025 15057 8305 20498 14302 8624 25944 25704 5492 18467 23321 19619 14958 1125 3719 22750 17632 26099 9415 10658 17994 2007 21559 24924 1599 22214 26397 25170 28530 16359 18023 8788 2598 4981 9862 14963 634 21313 27985 3517 28059 8713 
12889 2802 1972 27071 21462 7198 22422 25438 2345 28592 13593 12431 12194 5399 23564 20572 11308 15777 23801 12734 27787 25279 3581 20867 28800 3038 6349 2262 13847 25205 13382 15308 3041 1752 6465 27984 19618 22320 25238 19046 21161 9471 28062 27178 28214 19939 26234 4117 6883 2491 27017 24624 25658 3409 20650 19909 4642 2789 24585 16160 19190 19950 8889 5445 24385 6279 22672 21767 5853 18110 2967 22149 26752 16438 25477 23127 28409 23823 6728 16747 14083 28559 27512 12961 5973 25172 17647 1471 21768 27355 28401 15587 22222 28178 16981 18688 26464 21534 20950 12071 
12889 2802 1972 27071 7198 1094 2345 28592 12431 12194 5399 20572 11308 15777 27787 28800 3038 6349 2262 13847 15739 1994 3041 6465 27984 25238 19046 16407 27178 26234 4675 24624 19909 20650 3409 1002 4642 482 17624 5445 22672 6279 21767 5853 28455 2967 27121 26752 23127 28409 6728 14083 28559 5973 6460 17647 25714 21768 27355 28401 28178 16981 20950 2233 766 1917 27852 15670 3852 4362 12951 21025 15057 8305 26609 28388 19095 4033 27899 20498 8624 14302 4017 18467 23321 23789 14958 28008 1125 3719 17632 26030 26099 16475 27989 4461 9415 10658 20743 17994 
12889 1972 27071 14955 7198 1094 12194 20572 11308 22038 15777 12734 27787 7849 3581 28800 3038 6349 2262 25205 15308 24996 1752 6465 27984 19618 22320 25238 19046 28062 25795 27178 28214 4117 4675 2491 25658 24624 20650 3409 1002 4642 2789 8889 5445 24385 6279 5853 18110 28455 2967 6728 14083 6460 25172 17647 1471 21768 27355 16323 28178 21534 338 22870 15670 3852 17795 21025 19929 8305 19095 22053 21477 20498 14302 25852 5492 4017 18467 14958 3719 22750 17632 6399 20743 17994 2007 24924 13010 1599 22244 7108 22214 4175 25170 28530 14881 5530 21465 18023 
7368 12889 2802 1972 27071 7198 1094 2345 13593 12431 12194 5399 23564 20572 11308 15777 12734 27787 7849 25279 3581 28800 3038 6349 2262 19269 13321 25205 13382 1994 15308 3041 24996 8998 1752 6465 27984 19618 25238 19046 16407 9471 28062 27178 28214 19939 26234 4117 25187 6883 17661 4675 2491 24624 25658 3409 20650 4642 2789 16160 19190 19950 8889 21546 28764 5445 24385 22672 6279 5853 22753 18110 28455 2967 22149 26752 25477 23127 28409 6728 16747 14083 18428 28559 25827 12961 5973 25172 20153 17647 1471 21768 25714 27355 28401 16323 15587 28178 27020 16981 
12889 2802 1972 27071 7198 1094 22422 2345 13593 12431 12194 5399 20572 11308 15777 23801 12734 27787 7849 3581 28800 3038 6349 19269 13321 13847 25205 15308 24996 3041 1752 6465 27984 19618 22320 25238 19046 16407 9471 27178 28214 4117 4675 2491 27017 24624 25658 3409 4642 1002 2789 16160 19190 19950 8889 5445 24385 6279 5853 18110 28455 27121 2967 26752 28409 6728 14083 28559 12961 6460 25172 17647 1471 21768 28401 16323 22222 28178 27020 16981 18688 20950 22870 2233 7104 15670 8979 25356 7972 4362 12951 21025 8305 15057 19929 19095 21477 20498 14302 8624 
7368 12889 2802 1972 21462 7198 1094 22422 25438 13593 12431 12194 20572 11308 22038 15777 12734 27787 7849 27887 3581 28800 3038 6349 2262 13321 13847 25205 13382 1994 15308 24996 3041 1752 8998 6465 27984 19618 22320 25238 19046 9471 27178 28214 19939 25187 6883 4675 27017 2491 24624 25658 3409 20650 19909 4642 2789 16160 19950 21546 17624 28764 5445 24385 6279 22672 5853 18110 28455 2967 25477 28409 15292 23823 6728 14083 12961 25172 17647 1471 21768 28401 16323 15587 23788 28178 27020 16981 26464 21534 18688 20950 22870 2233 1917 27852 7104 15670 8979 4362 
