2890 7368 357 12889 2802 1972 1127 27071 21462 14955 7198 1094 22422 25438 695 2345 28592 10588 13593 12431 12194 5399 23564 27345 20572 11308 22038 23801 14645 27787 19643 7849 27887 26171 25279 3581 20867 28800 6349 2262 19269 13321 15739 25205 13382 1994 15308 24996 3041 1752 8998 6465 15113 19618 27984 22320 25238 19046 16407 21161 9471 26505 28062 25795 27178 28214 19939 26234 4117 25187 6883 4675 27738 2491 27017 25658 3409 20650 19909 1002 4642 2789 24585 13360 16160 19190 19950 13582 8889 21546 3216 482 17624 28764 5445 6279 24385 21767 22672 5853 
2890 7368 357 1972 1127 21462 7198 1094 22422 25438 695 2345 28592 10588 13593 12431 12194 5399 23564 27345 20572 11308 22038 23801 12734 14645 27787 19643 27887 25279 3581 28800 6349 2262 19269 13847 15739 25205 1994 15308 24996 3041 1752 8998 6465 19618 15113 27984 22320 25238 16407 19046 21161 9471 26505 25795 28062 27178 28214 19939 26234 4117 25187 17661 4675 27738 2491 27017 24624 25658 19909 3409 20650 4642 1002 24585 13360 16160 19190 19950 13582 8889 21546 3216 482 28764 17624 5445 24385 6279 21767 5853 22143 17678 28455 18110 27121 2967 26752 16438 
2890 7368 357 1127 27071 21462 7198 1094 22422 25438 695 2345 28592 10588 12431 12194 5399 27345 20572 11308 15777 23801 14645 27787 19643 7849 27887 26171 25279 3581 28800 3038 6349 2262 19269 13847 15739 25205 13382 1994 3041 1752 8998 6465 19618 15113 22320 16407 21161 9471 26505 28062 25795 27178 28214 19939 26234 25187 4675 17661 27738 27017 2491 24624 25658 20650 19909 3409 4642 1002 2789 13360 16160 19190 19950 13582 8889 3216 482 17624 6279 24385 21767 5853 22143 28455 18110 2967 27121 22149 26752 3508 23127 25477 23823 15292 6728 22627 16747 115 
2890 7368 357 1972 1127 27071 21462 7198 1094 25438 695 2345 12431 12194 5399 23564 27345 11308 22038 23801 12734 14645 19643 27887 26171 25279 3581 20867 28800 3038 6349 2262 19269 13321 15739 25205 13382 1994 24996 3041 1752 6465 15113 19618 27984 16407 19046 21161 9471 26505 28062 25795 27178 19939 26234 4117 6883 17661 4675 27738 27017 2491 24624 25658 19909 3409 20650 4642 1002 24585 13360 16160 19190 19950 13582 21546 8889 3216 482 28764 17624 5445 24385 6279 21767 22672 5853 22143 22753 28455 27121 2967 26752 16438 3508 25477 28409 21431 15292 6728 
2890 7368 357 12889 2802 1972 1127 27071 21462 7198 22422 25438 695 2345 28592 10588 13593 12431 12194 23564 27345 20572 22038 23801 12734 14645 27787 19643 7849 27887 26171 25279 3581 20867 28800 3038 6349 2262 19269 13847 25205 13382 1994 15308 24996 1752 8998 6465 19618 15113 27984 22320 25238 16407 19046 9471 28062 25795 27178 28214 19939 26234 4117 25187 6883 4675 17661 27738 27017 2491 24624 25658 20650 19909 1002 4642 2789 24585 13360 16160 19190 19950 13582 8889 21546 3216 482 28764 17624 5445 6279 24385 22672 21767 5853 17678 22143 22753 18110 27121 
2890 7368 357 12889 2802 1972 1127 27071 21462 7198 1094 22422 25438 695 2345 28592 10588 13593 12431 12194 5399 23564 27345 20572 11308 22038 23801 14645 27787 19643 7849 27887 26171 25279 3581 28800 3038 6349 2262 19269 13321 13847 15739 25205 13382 1994 15308 24996 3041 1752 8998 6465 15113 19618 27984 22320 25238 16407 19046 21161 9471 26505 25795 28062 27178 19939 26234 4117 25187 6883 17661 4675 27738 27017 2491 24624 25658 3409 20650 19909 1002 4642 2789 24585 13360 16160 19190 19950 13582 21546 8889 3216 482 28764 5445 6279 24385 21767 22672 5853 
2890 7368 357 2802 1972 1127 27071 21462 7198 1094 22422 25438 695 2345 28592 10588 12431 12194 5399 23564 27345 20572 11308 22038 23801 14645 27787 19643 27887 26171 3581 28800 3038 6349 2262 19269 15739 25205 13382 1994 24996 3041 1752 8998 6465 19618 15113 22320 25238 16407 21161 9471 26505 25795 28062 27178 28214 19939 26234 25187 4675 17661 27738 27017 2491 24624 25658 19909 20650 3409 1002 4642 2789 13360 16160 19190 19950 13582 21546 8889 3216 482 28764 5445 24385 6279 21767 5853 17678 22143 22753 28455 18110 27121 2967 22149 26752 16438 3508 23127 
2890 7368 357 2802 1127 27071 21462 7198 1094 22422 25438 695 2345 28592 10588 12194 5399 27345 20572 11308 22038 23801 14645 27787 27887 25279 3581 28800 6349 2262 19269 15739 25205 1994 3041 1752 8998 6465 15113 19618 27984 16407 19046 21161 9471 26505 28062 25795 27178 28214 19939 26234 4117 25187 6883 4675 27738 2491 27017 25658 20650 19909 3409 4642 2789 13360 16160 19190 19950 13582 8889 3216 482 17624 5445 24385 22672 5853 22143 28455 18110 27121 2967 22149 26752 16438 3508 25477 23127 28409 23823 15292 6728 22627 16747 115 18428 14083 25827 27512 
2890 7368 357 1127 21462 7198 1094 25438 695 2345 28592 10588 13593 12194 5399 23564 20572 11308 22038 23801 14645 27787 26171 25279 3581 28800 6349 2262 15739 25205 13382 15308 24996 3041 1752 8998 6465 19618 15113 22320 19046 16407 21161 9471 26505 28062 25795 27178 28214 19939 26234 4117 25187 6883 4675 17661 27738 27017 2491 25658 19909 3409 1002 4642 2789 24585 13360 16160 19190 19950 13582 21546 3216 482 28764 5445 6279 24385 22672 5853 22143 17678 22753 18110 28455 2967 27121 26752 16438 3508 23127 28409 21431 23823 15292 6728 22627 16747 16444 115 
2890 7368 357 12889 2802 1972 1127 27071 21462 14955 7198 22422 25438 695 2345 28592 13593 12431 12194 5399 23564 27345 20572 11308 22038 15777 23801 12734 14645 27787 19643 7849 27887 26171 25279 3581 20867 28800 3038 6349 2262 19269 13321 13847 15739 25205 13382 1994 15308 24996 1752 8998 19618 15113 27984 22320 25238 19046 16407 21161 9471 26505 28062 27178 28214 19939 26234 4117 25187 17661 4675 2491 27017 24624 25658 19909 20650 3409 1002 2789 24585 13360 16160 19190 13582 21546 482 17624 5445 24385 6279 22672 21767 5853 22143 17678 22753 18110 28455 2967 
