2890 7368 357 12889 1972 1127 27071 21462 7198 1094 22422 25438 695 2345 28592 10588 13593 12194 5399 23564 27345 20572 11308 22038 15777 23801 27787 14645 19643 7849 27887 26171 25279 3581 20867 28800 3038 6349 2262 19269 13321 13847 15739 25205 13382 1994 15308 3041 24996 8998 1752 6465 19618 27984 15113 22320 25238 16407 21161 9471 26505 25795 28062 27178 19939 26234 4117 25187 4675 27738 2491 27017 25658 24624 20650 19909 3409 4642 1002 2789 24585 13360 16160 19190 19950 13582 21546 8889 3216 482 17624 28764 21767 6279 24385 22672 5853 22143 28455 18110 
2890 7368 357 12889 1127 27071 21462 7198 25438 695 2345 10588 13593 12194 5399 23564 27345 20572 11308 22038 15777 23801 27787 14645 19643 27887 25279 3581 28800 3038 6349 2262 19269 13321 15739 25205 13382 1994 24996 1752 6465 19618 15113 25238 16407 19046 21161 9471 26505 28062 25795 27178 19939 4117 4675 17661 2491 24624 25658 19909 20650 4642 24585 13360 16160 19190 19950 13582 8889 21546 3216 482 28764 17624 5445 22672 6279 5853 22143 17678 22753 18110 28455 2967 27121 22149 26752 3508 23127 25477 21431 28409 23823 15292 6728 22627 16747 115 16444 14083 
2890 7368 357 1127 21462 7198 25438 695 28592 10588 13593 12194 20572 11308 23801 12734 27787 14645 27887 3581 20867 28800 3038 6349 2262 19269 13847 15739 25205 3041 1752 8998 6465 19618 15113 16407 21161 9471 26505 28062 27178 19939 26234 25187 6883 27738 27017 2491 25658 19909 3409 4642 2789 16160 19190 19950 13582 8889 3216 482 28764 22672 24385 5853 28455 2967 27121 22149 26752 16438 3508 25477 28409 15292 6728 22627 16747 14083 18428 25827 25195 6460 20153 25714 28401 15587 22222 18688 26464 21534 338 20950 26071 1917 766 27028 27852 578 7104 4095 
2890 7368 357 1127 21462 7198 22422 25438 695 28592 10588 12194 20572 11308 23801 27787 14645 27887 25279 3581 20867 28800 3038 6349 2262 15739 25205 13382 3041 8998 1752 6465 19618 15113 22320 16407 19046 21161 9471 26505 28062 25795 27178 19939 25187 4675 27738 2491 27017 24624 25658 3409 19909 1002 4642 2789 13360 16160 19190 19950 13582 8889 3216 482 5445 21767 24385 5853 28455 18110 2967 27121 22149 26752 16438 3508 25477 15292 23823 6728 22627 16747 115 18428 14083 28559 25827 12961 6460 20153 17647 1471 25714 21768 27355 28401 16323 15587 22222 27020 
2890 7368 357 2802 1127 27071 21462 7198 1094 22422 25438 695 2345 28592 10588 12194 5399 27345 20572 11308 22038 23801 27787 14645 27887 25279 3581 20867 28800 6349 2262 19269 15739 25205 13382 1994 3041 8998 1752 6465 15113 19618 16407 21161 9471 26505 25795 28062 27178 19939 26234 25187 4675 27017 2491 25658 20650 19909 3409 4642 2789 13360 16160 19190 19950 13582 8889 3216 482 28764 5445 24385 6279 5853 22143 28455 18110 27121 2967 22149 26752 3508 25477 23823 15292 6728 22627 16747 115 18428 14083 28559 25827 27512 25195 6460 25172 20153 1471 17647 
2890 7368 357 12889 1127 27071 21462 14955 7198 1094 22422 695 2345 28592 10588 13593 12431 12194 5399 23564 27345 20572 11308 22038 15777 23801 27787 14645 19643 7849 27887 26171 25279 3581 20867 28800 3038 6349 2262 19269 13321 13847 15739 25205 13382 1994 15308 24996 3041 1752 8998 6465 27984 15113 19618 22320 25238 19046 16407 21161 9471 26505 25795 28062 27178 28214 19939 26234 4117 25187 6883 17661 4675 27738 27017 2491 24624 25658 20650 19909 3409 4642 1002 24585 13360 16160 19190 19950 13582 21546 8889 3216 482 17624 28764 5445 22672 6279 24385 21767 
2890 7368 357 1127 27071 21462 7198 1094 22422 25438 695 2345 28592 10588 13593 12194 5399 23564 27345 20572 11308 22038 15777 23801 27787 14645 19643 7849 27887 26171 25279 3581 28800 6349 2262 19269 13321 15739 25205 13382 1994 15308 24996 3041 1752 8998 6465 19618 15113 27984 22320 25238 16407 21161 9471 26505 25795 28062 27178 28214 19939 26234 4117 25187 17661 4675 27738 2491 27017 24624 25658 19909 3409 20650 4642 2789 24585 13360 16160 19190 19950 13582 21546 8889 3216 482 28764 5445 6279 22672 24385 21767 5853 17678 22143 22753 18110 28455 27121 2967 
2890 7368 357 1972 1127 21462 7198 22422 695 2345 28592 10588 12194 5399 23564 20572 11308 15777 23801 27787 14645 19643 27887 26171 25279 28800 3038 6349 2262 13321 15739 25205 13382 15308 24996 3041 1752 8998 6465 15113 19618 27984 22320 19046 16407 21161 9471 26505 28062 25795 27178 19939 4675 17661 27738 2491 24624 25658 20650 19909 3409 4642 1002 24585 13360 16160 19190 19950 13582 8889 21546 3216 482 28764 17624 22672 21767 24385 6279 5853 22143 22753 28455 2967 27121 22149 26752 3508 23127 25477 28409 21431 15292 23823 6728 22627 16747 115 16444 18428 
2890 7368 357 1127 27071 21462 7198 1094 22422 25438 695 2345 28592 10588 12194 23564 20572 11308 23801 27787 14645 26171 25279 3581 28800 6349 2262 15739 25205 3041 1752 8998 19618 15113 25238 16407 21161 9471 26505 28062 25795 27178 19939 25187 4675 27738 2491 27017 25658 3409 20650 19909 4642 2789 13360 16160 19190 19950 13582 8889 3216 482 5445 22672 24385 5853 22143 28455 18110 27121 2967 22149 26752 16438 25477 23823 15292 6728 22627 16747 115 14083 18428 28559 27512 25827 12961 6460 20153 17647 21768 25714 28401 15587 22222 28178 27020 21534 26464 20950 
2890 7368 357 1127 21462 7198 1094 695 12194 11308 22038 23801 12734 14645 25279 3581 3038 6349 2262 25205 1752 6465 15113 27984 19618 25238 16407 19046 21161 9471 26505 28062 25795 27178 19939 4675 27738 27017 25658 19909 20650 4642 2789 13360 19190 13582 8889 3216 482 5445 24385 5853 18110 28455 27121 2967 22149 26752 21431 15292 6728 22627 14083 18428 28559 25827 6460 25714 28401 22222 15587 27020 28178 21534 26464 18688 20950 26071 766 27028 578 7104 4095 3852 25356 14855 4362 24477 11780 19929 15057 8305 22053 19095 3763 16086 27899 22745 16176 17749 
