2890 357 7368 1972 1127 12889 23564 21462 2345 22422 7198 10588 14645 5399 2802 28592 695 28800 27345 27071 13321 20572 6349 19643 11308 25205 15308 12431 21546 15113 26171 13382 3041 24996 16444 23801 9471 24585 2262 15739 7849 1094 13593 15816 26505 22320 12194 1752 27512 14955 13360 19909 12071 22143 20650 22627 22753 27028 19190 2967 18428 23823 25795 20950 766 16981 12961 25172 27787 26071 25704 5973 19618 4362 21559 16323 21660 17624 25658 25238 3581 28062 27899 27984 27887 25279 21161 26234 578 12951 15670 28455 27738 16182 482 15292 3216 16160 12343 7972 
2890 357 7368 1972 1127 23564 21462 7198 2345 22422 10588 14645 695 5399 27345 28592 20572 28800 6349 19643 25205 11308 21546 12431 15113 15308 3041 24996 16444 24585 23801 2262 9471 26505 15816 13593 12194 15739 1094 22320 1752 27512 13360 22143 19909 12071 20650 22627 27028 17661 19190 24624 2967 20950 18428 12734 23823 25795 25704 26071 766 17624 27787 16981 12961 16323 25172 21660 21559 4362 25238 19618 27984 27887 25658 28062 27899 3581 25279 12951 15670 578 26234 21161 28455 27738 482 16182 15292 3216 16160 25944 12343 1002 23127 22750 27178 7972 17647 16868 
2890 357 7368 1127 21462 7198 2345 10588 14645 22422 5399 27345 695 28800 27071 28592 20572 6349 19643 11308 25205 15113 26171 12431 13382 3041 9471 23801 7849 2262 26505 15739 12194 1752 22320 27512 1094 13360 12071 22143 19909 20650 27028 22627 19190 18428 17661 2967 24624 23823 766 20950 25795 27787 26071 17624 21660 4362 16323 19618 25658 27899 28062 3581 27887 25279 12951 26234 578 21161 28455 15670 482 27738 16182 15292 3216 27178 16160 1002 7972 3038 23127 16868 22750 28214 27121 14233 22244 23788 23518 14686 6267 12273 11760 21477 19443 25827 28008 4675 
2890 357 7368 1972 1127 23564 21462 7198 2345 14645 5399 27345 695 28800 27071 13321 6349 19643 11308 25205 15113 21546 26171 12431 13382 3041 24996 23801 16444 24585 9471 2262 12194 26505 15816 15739 1094 1752 22143 13360 20650 12071 19909 27028 22753 22627 19190 17661 18428 2967 24624 20950 25704 12734 26071 12961 766 25795 17624 21559 16981 5973 16323 21660 4362 25172 19618 28062 25658 27984 3581 25279 27887 27899 21161 26234 12951 28455 578 15670 27738 3216 16182 482 15292 12343 16160 25944 7972 1002 16868 27178 3038 22750 17647 27121 14233 14528 23788 22244 
2890 357 7368 1972 1127 12889 23564 21462 7198 2345 10588 14645 22422 2802 27345 28592 695 28800 20572 27071 6349 19643 25205 21546 13382 15113 15308 12431 26171 16444 24996 23801 9471 24585 2262 7849 13593 15816 12194 22320 1752 13360 27512 22143 19909 12071 20650 27028 22753 2967 18428 19190 17661 24624 23823 20950 25704 12961 12734 25795 766 26071 27787 16981 17624 16323 25172 21660 21559 4362 25238 19618 27984 27887 25658 28062 27899 3581 25279 12951 15670 578 26234 27738 16182 482 3216 15292 12343 7972 16160 25944 27178 3038 23127 1002 16868 28214 17647 22750 
2890 357 7368 1972 12889 23564 1127 21462 7198 2345 10588 22422 14645 5399 2802 20572 695 28800 13321 27071 27345 28592 6349 19643 11308 25205 15308 12431 26171 21546 15113 13382 3041 24996 16444 23801 13593 24585 2262 15739 9471 1094 7849 15816 26505 22320 12194 1752 19909 20650 27512 13360 12071 22143 22627 22753 27028 17661 18428 19190 2967 24624 25795 20950 23823 766 12961 27787 5973 25172 26071 25704 16981 19618 21559 4362 21660 16323 25658 25238 27984 3581 27899 25279 28062 27887 21161 26234 578 12951 27738 28455 15670 15292 16182 3216 482 25944 16160 27178 
2890 357 7368 1972 1127 23564 21462 7198 2345 22422 10588 14645 5399 2802 27345 28592 695 28800 27071 20572 6349 19643 11308 25205 13382 21546 26171 12431 15113 3041 24996 16444 2262 23801 9471 15739 15816 26505 12194 1094 1752 22320 27512 13360 19909 22143 12071 20650 22627 22753 27028 19190 17661 2967 18428 24624 20950 23823 25795 26071 766 25704 12961 5973 16981 16323 27787 21660 25172 4362 25238 21559 19618 27887 27899 28062 3581 25658 578 12951 15670 26234 21161 28455 27738 3216 482 16182 15292 16160 25944 22750 12343 3038 1002 23127 16868 7972 28214 27178 
2890 357 7368 1127 21462 7198 2345 10588 14645 22422 5399 2802 695 27345 27071 28592 20572 28800 6349 11308 25205 15113 3041 23801 9471 2262 15739 26505 12194 1752 1094 27512 13360 22143 19909 20650 22627 19190 18428 2967 25795 23823 20950 766 27787 26071 17624 21660 16323 19618 4362 28062 25658 27899 27984 3581 27887 25279 21161 28455 26234 578 12951 15670 27738 15292 482 16182 3216 16160 23127 27178 16868 28214 27121 14233 23788 11760 14686 12273 6683 28008 4675 19443 6267 19269 23693 25827 2491 8998 26609 28401 7104 19950 14083 19929 2233 27002 19046 25195 
2890 357 7368 1127 23564 21462 2345 10588 7198 14645 5399 695 28592 28800 20572 6349 11308 25205 15113 21546 13382 26171 15308 3041 16444 24585 9471 24996 23801 2262 26505 15816 13593 12194 22320 15739 1094 1752 27512 22143 13360 19909 12071 27028 22627 22753 17661 2967 19190 18428 23823 20950 25795 12961 766 5973 25704 21660 26071 27787 25172 16981 21559 4362 16323 28062 19618 27899 25658 3581 25279 21161 26234 27738 15670 28455 12951 16182 578 3216 482 16160 15292 12343 27178 22750 7972 23127 16868 1002 25944 17647 28214 14528 14233 27121 23788 4461 21431 22244 
2890 357 7368 1972 1127 12889 23564 21462 7198 2345 14645 22422 5399 2802 27345 28592 695 28800 13321 27071 20572 6349 19643 11308 25205 15113 15308 12431 26171 21546 13382 24996 24585 23801 16444 7849 9471 15816 2262 15739 13593 26505 27512 22320 1752 12194 12071 13360 19909 14955 22143 20650 22627 22753 27028 17661 24624 18428 19190 2967 23823 20950 12961 766 12734 16981 27787 25172 25704 26071 16323 5973 17624 19618 21559 4362 21660 28062 25658 25238 27984 27899 3581 21161 27887 25279 28455 26234 578 12951 15670 16182 482 12343 25944 1002 16160 27178 7972 23127 
