2890 357 7368 13321 3041 1127 15308 13847 1972 7198 20572 25205 7849 24385 695 5973 2967 12889 2345 15777 12273 4675 25279 7104 1599 4017 12951 22422 19643 23564 26171 4175 16086 18891 16438 25172 27984 24996 16714 3141 24573 17668 27899 4896 28035 23812 18535 16146 17624 5647 3716 26081 26505 27071 21095 16747 21448 22143 338 28592 766 1002 18133 14351 21313 18442 1296 2789 4362 3576 16036 19909 14881 38 23127 14124 25187 19269 5399 12194 1125 11308 20354 11628 27887 1094 13382 16652 18688 3038 3581 13702 28530 24924 23823 12051 9471 25714 26234 6585 
2890 357 7368 13321 1127 7198 20572 25205 695 5973 2967 12889 2345 15777 4675 12273 7104 25279 12951 4017 19643 23564 4175 16086 18891 24996 16714 25172 24573 3141 23812 4896 27899 17624 1520 16146 3716 28035 5647 26505 26081 16747 27071 21095 21448 22143 18133 338 766 18442 14351 21313 16036 4362 1296 3576 38 14881 14124 23127 12194 19909 19269 11308 20354 5399 11628 1125 13382 27887 16652 18688 3038 3581 13702 23823 28530 24924 12051 9471 25714 25704 26321 6585 16981 27391 21546 2491 8788 10701 23801 20743 27255 2203 963 25072 27985 8485 15048 1917 
2890 357 7368 3041 13847 1127 7198 12734 20572 25205 24385 695 2967 12273 1599 7104 4017 16086 18891 16438 17668 23812 27899 4896 18535 28035 26505 16747 21448 28592 338 18133 766 1296 2789 16036 38 4362 12194 19909 25187 20354 19269 11308 27887 16652 18688 3038 13702 3581 12051 9471 25714 26321 15800 2491 26234 6585 23801 27391 8713 8788 27017 10701 20743 963 2203 20867 25072 21922 1917 15048 17640 14433 2145 18940 21660 1099 13737 6098 709 3934 18721 25408 26447 14233 6986 3580 4668 14085 6728 6349 21462 7818 17710 63 4981 4265 2836 16160 
2890 357 7368 3041 1127 7198 20572 25205 24385 695 2967 4675 12273 25279 1599 7104 4017 22422 4175 16086 18891 16438 16714 27899 1520 4896 18535 28035 26081 26505 16747 21095 21448 28592 766 14351 1296 1002 2789 16036 38 4362 12194 14881 19909 25187 20354 1125 11308 13382 27887 16652 18688 3038 13702 3581 23823 12051 9471 25714 26321 15800 2491 6585 23801 27391 8713 27017 10701 20743 2203 963 25072 21922 20867 15048 1917 17640 2145 18940 21660 1099 13737 6098 709 3934 18721 26447 25408 14233 6986 3580 4668 7988 6728 6349 21462 63 7818 4981 
2890 357 7368 3041 1127 7198 20572 25205 24385 695 2967 2345 2802 4675 12273 25279 1599 7104 12951 22422 4175 16086 18891 25172 23812 27899 4896 18535 28035 3716 5647 26505 16747 27071 22143 21095 21448 28592 18133 1296 18442 14351 766 21313 2789 3576 16036 38 14881 4362 12194 25187 19909 14124 20354 5399 11308 19269 1125 13382 1094 16652 27887 18688 13702 3581 23823 24924 12051 9471 28530 25714 2491 15800 26234 23801 6585 10701 8788 27017 20743 27255 21922 20867 2203 25072 1917 963 17640 8485 15048 14433 27985 2145 18940 21660 1099 13737 3934 26479 
2890 357 7368 13321 3041 13847 1127 15308 7198 20572 7849 25205 24385 695 5973 2967 12889 2345 15777 12273 4675 25279 1599 7104 12951 4017 22422 23564 19643 4175 26171 16086 18891 16438 27984 24996 3141 17668 16714 24573 27899 23812 4896 17624 28035 18535 16146 1520 26081 5647 3716 27071 21095 16747 26505 21448 338 22143 18133 14351 21313 766 1296 18442 4362 1002 28592 16036 3576 38 19909 14881 12194 25187 23127 14124 20354 11308 19269 5399 1125 11628 13382 27887 1094 16652 18688 3038 13702 3581 23823 12051 28530 24924 25714 9471 26321 16981 14955 6585 
2890 357 7368 13321 3041 1127 15308 7198 20572 7849 25205 24385 695 5973 2967 2345 15777 12273 4675 7104 1599 25279 12951 4017 22422 19643 23564 26171 18891 4175 16086 27984 16438 24996 17668 16714 24573 25172 27899 23812 3141 1520 18535 4896 28035 3716 5647 27071 21095 16146 26505 26081 22143 16747 338 28592 766 14351 21448 16036 18442 21313 18133 1296 25187 3576 4362 2789 14881 19909 38 12194 5399 11308 14124 23127 19269 20354 1125 27887 11628 13382 1094 16652 18688 28530 13702 3581 23823 24924 25714 6585 12051 26234 9471 21546 26321 15800 27017 25704 
2890 357 7368 13321 3041 15308 1127 1972 7198 20572 25205 24385 695 5973 2967 2345 15777 4675 12273 25279 1599 7104 4017 22422 12951 19643 23564 26171 4175 16086 18891 27984 16714 25172 24996 3141 24573 23812 27899 1520 17624 18535 4896 16146 3716 26081 5647 28035 26505 22143 16747 21095 28592 21448 14351 338 1296 21313 18133 766 1002 18442 12194 14881 16036 38 3576 4362 23127 19909 20354 14124 5399 1125 13382 11308 27887 11628 16652 18688 3038 13702 23823 9471 24924 28530 12051 25714 16981 2491 23801 25704 15800 26321 21546 6585 8713 27391 10701 8788 
2890 357 7368 3041 1127 7198 20572 25205 24385 695 2967 2345 4675 12273 25279 1599 7104 12951 22422 23564 26171 16086 18891 16438 27899 23812 4896 18535 28035 16146 26081 3716 26505 27071 16747 22143 21448 21095 28592 18133 18442 14351 766 21313 1296 2789 16036 3576 38 12194 14881 14124 4362 19909 25187 20354 11308 1094 16652 13702 3581 9471 23823 12051 28530 25714 15800 2491 23801 27391 27017 8713 8788 10701 20743 25072 963 21922 2203 17640 8485 1917 21660 15048 14433 2145 1099 18940 13737 709 26447 25408 18721 6098 14233 14302 25238 7988 4668 6728 
2890 357 7368 1127 7198 12734 25205 24385 695 2967 4675 12273 25279 7104 4175 18891 16086 27984 17668 16714 27899 1520 4896 18535 28035 3716 26505 18133 766 18442 21313 1296 2789 38 4362 12194 14881 19909 11308 1094 18688 3038 13702 3581 12051 9471 25714 6585 23801 27391 27017 10701 27255 2203 25072 21922 15048 8485 2145 27985 14433 17640 1099 3382 13737 709 3934 18721 26447 6986 14233 25238 7988 4668 21462 6349 3580 6728 4981 7818 4265 2836 28178 6310 27713 22627 19496 7108 27275 9895 6940 6015 26033 3867 27768 26397 27587 8890 9058 13753 
