2890 357 7368 1127 7198 21462 14645 22422 695 27345 6349 20572 11308 15113 26171 21546 3041 13382 12431 23801 16444 9471 24585 2262 15739 13593 1094 26505 15816 1752 12194 27512 19909 12071 22143 20650 22627 27028 22753 19190 2967 17661 18428 24624 20950 25795 766 25704 12961 26071 25172 4362 5973 16981 21559 28062 27899 16323 3581 25658 27984 21161 25279 15670 12951 578 16182 15292 482 3216 12343 7972 25944 27178 22750 16868 27121 14233 14528 23788 22244 12273 21431 21477 4675 23518 13847 11760 14686 6267 28008 6683 25827 19269 19443 23693 21767 26609 28401 14958 
2890 357 7368 1127 7198 21462 14645 10588 695 20572 28800 28592 6349 19643 11308 26171 3041 15308 23801 9471 16444 2262 15739 26505 12194 1094 1752 22143 19909 22627 22753 27028 2967 19190 17661 18428 25795 24624 20950 12961 766 25704 26071 4362 21559 21660 19618 28062 25658 27899 3581 27984 21161 25279 15670 578 16182 15292 3216 482 16160 25944 7972 27178 17647 16868 27121 28214 14233 22244 4461 12273 23788 6683 14686 21477 4675 11760 19443 6267 13847 8998 23693 7104 25827 28401 14083 2491 14958 6310 19929 19950 27020 27002 4197 4642 28178 14881 19095 3719 
2890 357 7368 1127 12889 21462 2345 10588 7198 14645 5399 695 28800 20572 19643 6349 11308 25205 15113 26171 21546 3041 24996 16444 23801 9471 15739 2262 26505 1752 12194 22320 19909 12071 22143 22627 27028 22753 18428 19190 2967 20950 25795 766 25704 26071 5973 16981 21559 4362 25172 28062 25238 25658 27899 3581 25279 21161 578 12951 15292 28455 3216 482 16182 25944 27178 12343 7972 17647 3038 1002 22750 23127 27121 16868 14233 22244 23788 23518 4461 6267 14686 21477 4675 28008 19443 6683 23693 2491 28401 7104 21767 14958 19929 19046 2233 14083 4197 27002 
2890 357 7368 1127 23564 21462 7198 10588 2345 14645 22422 5399 695 20572 27345 13321 28800 28592 27071 6349 19643 11308 26171 15113 21546 13382 24996 23801 24585 16444 9471 2262 12194 7849 15739 26505 15816 1752 27512 13360 22143 12071 19909 27028 22753 19190 18428 2967 20950 25795 23823 25704 766 12961 26071 5973 16981 21559 17624 4362 21660 25172 25658 28062 3581 27899 21161 26234 28455 12951 15670 15292 578 16182 3216 27178 482 16868 12343 25944 7972 3038 22750 1002 23127 14233 17647 27121 14528 23518 23788 22244 12273 4675 4461 6683 6267 11760 19443 21477 
2890 357 7368 1127 7198 14645 695 20572 11308 25205 15113 23801 9471 2262 15739 26505 1752 15816 19909 22627 18428 2967 19190 17661 20950 26071 25795 766 4362 25658 25172 16323 27899 25279 3581 12951 578 3216 15292 482 27178 22750 3038 27121 14233 14686 6683 23518 13847 8998 19929 28401 7104 6310 27002 9042 28178 2842 4642 6279 21534 1994 4117 6361 4523 4896 115 4668 15519 21465 19050 8395 7818 11133 11296 9291 3852 27740 13010 24284 6728 16652 3847 2734 6105 27391 28092 27852 27989 3141 4913 3716 26752 16176 13582 27850 27858 24351 23555 3125 
2890 357 7368 1127 1972 12889 23564 21462 2345 7198 10588 14645 22422 5399 2802 27345 695 28592 27071 20572 28800 6349 19643 25205 15113 12431 21546 26171 15308 13382 24996 23801 24585 16444 9471 2262 7849 15739 13593 15816 22320 1094 12194 1752 27512 14955 22143 19909 13360 12071 20650 22627 27028 22753 2967 19190 18428 17661 24624 20950 766 25795 25704 23823 27787 16981 26071 12961 5973 25172 4362 19618 16323 17624 12734 21559 21660 28062 25238 27899 25658 3581 27887 26234 25279 15292 12951 578 15670 482 27738 3216 16182 12343 16160 25944 7972 27178 22750 27121 
2890 357 7368 1127 21462 7198 2345 14645 22422 695 27345 13321 28800 20572 19643 11308 25205 15113 21546 26171 3041 13382 24996 16444 23801 24585 15739 9471 26505 7849 2262 22320 12194 15816 1094 1752 19909 13360 27512 22143 12071 20650 22627 22753 27028 19190 17661 2967 24624 18428 25795 20950 766 23823 26071 12961 16981 17624 16323 4362 5973 21559 27899 28062 25658 27984 21161 578 12951 16182 3216 15292 482 16160 27178 12343 17647 22750 28214 3038 27121 14528 14233 12273 4675 23518 6683 14686 21431 11760 28008 21477 4461 19443 28401 23693 21767 26609 19929 14958 
2890 357 7368 1127 7198 14645 695 19643 6349 11308 15113 12431 13382 23801 9471 2262 26505 15816 1752 1094 22143 19909 27512 27028 2967 19190 18428 766 20950 25704 26071 28062 17624 4362 5973 21660 21559 27899 25658 25279 21161 578 12951 15292 3216 3038 27178 22750 16868 27121 14233 14686 12273 23518 6683 4675 19443 13847 28401 2491 7104 23693 14083 19929 6310 4642 14881 2842 4197 28178 24924 9042 21534 6279 5336 4117 4523 4896 20743 15519 19050 11296 7818 3847 8395 11133 3852 9291 16407 13010 28250 6728 27740 6105 19355 2734 27391 28092 4017 16652 
2890 357 7368 1127 21462 7198 14645 695 6349 19643 11308 25205 15113 3041 12431 23801 9471 2262 15739 12194 26505 1752 22143 19909 13360 22627 27028 19190 18428 2967 24624 25795 20950 766 26071 17624 4362 27787 28062 27899 25658 578 21161 25279 12951 15292 3216 16182 482 27178 16160 3038 16868 22750 14233 27121 12273 14686 6683 28008 6267 26609 7104 19929 28401 14083 14958 19950 2233 19046 6310 9042 28178 4642 27020 19095 14881 21534 28851 2842 1994 6361 4523 4896 17678 7818 4668 20354 115 20743 9548 15519 19050 3852 8395 11133 6728 2007 9291 27740 
2890 357 7368 1127 7198 14645 695 19643 11308 26171 23801 9471 1752 24585 26505 19909 22627 27028 19190 18428 2967 25795 766 20950 26071 27787 4362 17624 16323 25658 21660 28062 27899 21161 578 15292 3216 15670 16182 27178 7972 22750 17647 27121 14233 28214 6683 12273 22244 6267 28008 13847 19269 26609 23693 21767 19929 7104 4642 25195 6310 19046 6279 14881 28178 21534 4117 6361 4523 4896 20354 15519 7818 115 8395 9291 3852 16407 13010 9548 11133 25356 3847 2734 6105 8979 4017 1125 28092 27985 27391 3716 26752 4913 13582 5647 27989 3141 16176 25408 
