2890 357 7368 3041 13847 1127 7198 20572 695 5973 2967 4675 12273 25279 7104 12951 4175 22422 18891 4017 26171 16714 1520 27984 4896 3141 27899 25172 24573 23812 26505 17668 5647 16146 18535 26081 3716 22143 16747 18442 21448 21313 38 19909 14124 14351 1296 766 338 21095 16036 1125 12194 3576 14881 4362 19269 11628 1094 16652 11308 13382 18688 3581 24924 26321 28530 15800 12051 16981 13702 8788 9471 27017 25704 2203 15048 963 25714 25072 27255 27391 21546 2491 8713 10701 1917 1099 23801 17640 13737 20743 8485 3382 6098 2145 21922 14433 5423 27985 
2890 357 7368 3041 15308 13847 1127 7198 20572 695 24385 2967 4675 12273 25279 1599 19643 7104 4175 18891 4017 26171 1520 27984 4896 3141 27899 24573 23812 26505 17668 16146 18535 26081 3716 22143 16747 18442 2789 38 19909 14124 14351 1296 766 28592 21095 12194 14881 4362 18133 1094 16652 20354 11308 3581 26321 28530 15800 12051 13702 8788 9471 25704 2203 15048 963 6585 25714 25072 27255 27391 2491 10701 1099 23801 17640 26479 21660 20743 8485 3382 6098 2145 21922 14433 5423 26447 4265 14085 709 3580 25408 17710 6986 6349 22627 5974 4981 16868 
2890 357 7368 3041 1127 7198 20572 25205 695 5973 24385 2967 12889 2345 4675 25279 1599 19643 7104 12951 4175 18891 4017 26171 16086 16714 1520 4896 3141 24996 27899 25172 24573 23812 26505 5647 16146 18535 26081 3716 22143 16747 18442 21448 1002 23127 21313 38 19909 14124 1296 766 21095 12194 14881 4362 18133 11628 16652 5399 20354 11308 3581 24924 26321 3038 28530 15800 12051 16981 13702 8788 9471 27017 25704 2203 15048 963 27255 27391 21546 2491 8713 10701 1099 23801 17640 20743 8485 3382 6098 2145 21922 14433 27985 26447 4265 14085 709 3934 
2890 357 7368 13321 13847 1127 7198 20572 7849 695 5973 24385 2967 2345 15777 4675 12273 1599 19643 7104 12951 4175 23564 22422 18891 4017 26171 16086 4896 3141 24996 27899 25172 17624 24573 23812 26505 28035 17668 5647 16146 18535 3716 22143 16747 18442 2789 27071 1002 23127 21313 38 19909 14124 14351 1296 766 28592 338 21095 16036 1125 25187 12194 3576 14881 4362 18133 19269 11628 16652 5399 20354 11308 13382 18688 3581 24924 26321 3038 28530 15800 12051 16981 13702 8788 9471 23823 25704 2203 963 6585 25714 25072 26234 27255 27391 21546 2491 8713 
2890 357 7368 13847 1127 7198 20572 25205 695 2967 25279 1599 7104 12951 4175 18891 16086 4896 3141 27899 25172 23812 26505 18535 3716 16747 18442 21448 38 19909 14124 14351 1296 766 21095 3576 4362 18133 16652 11308 3581 3038 12051 13702 9471 2203 15048 963 6585 25072 27391 10701 1099 23801 17640 8485 3382 2145 14433 4265 709 3580 17710 6986 22627 4981 14233 9895 6015 2836 18940 7988 7108 13753 7818 4668 28178 26033 6940 1303 6728 27587 27852 3867 28276 16323 20889 22214 26752 6279 19669 27275 1305 8890 6276 27768 18721 10823 6486 8690 
2890 357 7368 15308 13847 1127 1972 7198 20572 12734 7849 25205 695 5973 24385 2967 12889 2802 2345 15777 4675 12273 25279 1599 19643 7104 12951 4175 23564 22422 18891 4017 26171 16086 16714 1520 3141 24996 27899 25172 17624 16438 24573 23812 28035 17668 16146 18535 26081 3716 22143 16747 18442 21448 27071 1002 23127 21313 38 19909 14351 1296 766 28592 338 21095 16036 1125 25187 12194 3576 14881 4362 19269 27887 11628 1094 16652 5399 20354 13382 18688 3581 24924 26321 3038 28530 15800 12051 16981 13702 8788 9471 23823 27017 25704 2203 15048 963 14955 
2890 357 7368 13321 3041 1127 7198 20572 7849 25205 695 5973 2967 2345 4675 12273 19643 7104 12951 4175 22422 18891 4017 26171 16086 16714 1520 27984 4896 3141 24996 27899 17624 16438 24573 23812 26505 28035 17668 5647 16146 18535 3716 22143 16747 18442 21448 21313 38 19909 14124 14351 1296 766 338 21095 16036 1125 12194 3576 14881 4362 18133 11628 1094 16652 20354 11308 13382 18688 24924 26321 3038 28530 15800 12051 16981 13702 8788 9471 23823 2203 15048 963 6585 20867 25072 27255 21546 8713 10701 1917 1099 23801 17640 26479 13737 20743 8485 3382 
2890 357 7368 13847 1127 7198 695 5973 2967 4675 12273 25279 1599 19643 7104 12951 4175 18891 4017 4896 27899 17624 16438 26505 28035 17668 5647 16146 18535 26081 22143 16747 2789 38 19909 14124 1296 766 14881 4362 11628 1094 16652 11308 13382 24924 26321 3038 15800 12051 13702 9471 25704 2203 963 20867 25072 27391 2491 10701 1099 23801 17640 21660 13737 20743 6098 2145 21922 14433 4265 14085 709 3934 3580 25408 17710 6986 6349 5974 4981 25170 16868 14233 9895 6015 7988 7108 13753 7818 28178 6940 1303 6728 23278 3867 28276 20889 2473 27512 
2890 357 7368 3041 1127 7198 25205 695 2967 12273 25279 19643 7104 12951 4175 18891 1520 4896 3141 27899 17624 16438 26505 18535 3716 22143 16747 2789 21448 38 19909 14124 14351 1296 766 338 16036 12194 3576 14881 4362 18133 16652 20354 11308 3038 15800 12051 13702 9471 2203 15048 963 6585 25714 20867 25072 10701 23801 17640 26479 13737 20743 8485 3382 6098 2145 14433 4265 14085 709 3934 3580 17710 6986 6349 22627 5974 4981 25170 16868 14233 2007 21461 9895 22466 7988 7108 13753 7818 4668 28178 26033 6940 1303 6728 23278 27852 3867 28276 
2890 357 7368 13847 1127 7198 695 2967 12273 1599 19643 7104 4175 18891 4017 26171 1520 4896 3141 27899 17624 26505 28035 17668 5647 18535 3716 16747 2789 38 19909 14124 14351 1296 766 16036 1125 3576 14881 4362 19269 20354 11308 26321 15800 12051 9471 2203 15048 963 25714 25072 27391 8713 1917 1099 23801 17640 21660 8485 3382 6098 2145 21922 14433 5423 27985 26447 4265 14085 709 3934 3580 25408 17710 6986 22627 5974 4981 14233 21461 6015 18940 22466 7988 7108 13753 7818 28178 26033 6940 1303 15670 23278 22244 25195 3867 28214 28276 16323 
