2890 357 7368 13321 3041 15308 13847 1127 1972 7198 20572 7849 25205 24385 5973 695 2967 12889 2345 15777 12273 1599 25279 19643 4675 12951 22422 4017 7104 4175 23564 18891 26171 24996 27984 3141 25172 4896 24573 16086 16438 16714 17624 23812 27899 5647 17668 28035 18535 3716 26081 22143 26505 16146 27071 766 16036 18442 1296 28592 16747 1002 338 4362 21095 2789 12194 21448 5399 25187 21313 18133 14351 14124 3576 38 27887 23127 11308 1094 11628 20354 19269 13382 19909 14881 1125 16652 28530 18688 3581 24924 13702 26321 15800 23801 27017 12051 6585 26234 
2890 357 7368 13321 1127 7198 20572 25205 5973 695 2967 12889 2345 15777 12273 25279 19643 4675 12951 4017 7104 4175 23564 18891 24996 3141 1520 25172 4896 24573 16086 16714 17624 23812 27899 5647 28035 3716 26081 22143 26505 16146 27071 766 16036 18442 1296 16747 338 4362 21095 12194 21448 5399 21313 18133 14351 14124 3576 38 27887 23127 11308 11628 20354 19269 13382 19909 14881 1125 16652 28530 18688 3581 16981 24924 13702 26321 23801 12051 6585 23823 1099 3038 9471 25714 2491 15048 25072 27255 25704 8788 21546 21660 27391 20743 3382 10701 8485 21922 
2890 357 7368 3041 13847 1127 7198 12734 20572 25205 24385 695 2967 12273 1599 4017 7104 18891 4896 16086 16438 23812 27899 17668 28035 18535 26505 766 16036 1296 28592 16747 338 4362 2789 12194 21448 25187 18133 38 27887 11308 20354 19269 19909 16652 18688 3581 13702 26321 15800 23801 27017 12051 6585 26234 1099 3038 9471 25714 2491 20867 15048 8713 25072 8788 21660 17640 27391 20743 10701 21922 3934 2145 963 14433 26447 6098 6349 709 1917 14233 13737 2203 17710 4265 18940 3580 22627 25408 7818 13753 14085 19669 6986 4981 25170 4668 27587 15670 
2890 357 7368 3041 1127 7198 20572 25205 24385 695 2967 12273 1599 25279 4675 22422 4017 7104 4175 18891 1520 4896 16086 16438 16714 27899 28035 18535 26081 26505 766 16036 1296 28592 16747 1002 4362 21095 2789 12194 21448 25187 14351 38 27887 11308 20354 13382 19909 14881 1125 16652 18688 3581 13702 26321 15800 23801 27017 12051 6585 23823 1099 3038 9471 25714 2491 20867 15048 8713 25072 21660 17640 27391 20743 10701 21922 3934 2145 963 26447 6098 6349 709 1917 14233 13737 2203 17710 4265 18940 3580 22627 25408 7818 7988 13753 6986 4981 25170 
2890 357 7368 3041 1127 7198 20572 25205 24385 695 2967 2802 2345 12273 1599 25279 4675 12951 22422 7104 4175 18891 25172 4896 16086 23812 27899 5647 28035 18535 3716 22143 26505 27071 766 16036 18442 1296 28592 16747 4362 21095 2789 12194 21448 5399 25187 21313 18133 14351 14124 3576 38 27887 11308 1094 20354 19269 13382 19909 14881 1125 16652 28530 18688 3581 24924 13702 15800 23801 27017 12051 6585 26234 23823 1099 9471 25714 2491 20867 15048 25072 27255 8788 21660 17640 20743 10701 8485 21922 3934 2145 963 26479 14433 27985 26447 5423 6098 6349 
2890 357 7368 13321 3041 15308 13847 1127 7198 20572 7849 25205 24385 5973 695 2967 12889 2345 15777 12273 1599 25279 19643 4675 12951 22422 4017 7104 4175 23564 18891 26171 24996 27984 3141 1520 4896 24573 16086 16438 16714 17624 23812 27899 5647 17668 28035 18535 3716 26081 22143 26505 16146 27071 766 16036 18442 1296 28592 16747 1002 338 4362 21095 12194 21448 5399 25187 21313 18133 14351 14124 3576 38 27887 23127 11308 1094 11628 20354 19269 13382 19909 14881 1125 16652 28530 18688 3581 16981 24924 13702 26321 15800 23801 27017 12051 6585 26234 23823 
2890 357 7368 13321 3041 15308 1127 7198 20572 7849 25205 24385 5973 695 2967 2345 15777 12273 1599 25279 19643 4675 12951 22422 4017 7104 4175 23564 18891 26171 24996 27984 3141 1520 25172 4896 24573 16086 16438 16714 23812 27899 5647 17668 28035 18535 3716 26081 22143 26505 16146 27071 766 16036 18442 1296 28592 16747 338 4362 21095 2789 12194 21448 5399 25187 21313 18133 14351 14124 3576 38 27887 23127 11308 1094 11628 20354 19269 13382 19909 14881 1125 16652 28530 18688 3581 16981 24924 13702 26321 15800 23801 27017 12051 6585 26234 23823 1099 9471 
2890 357 7368 13321 3041 15308 1127 1972 7198 20572 25205 24385 5973 695 2967 2345 15777 12273 1599 25279 19643 4675 12951 22422 4017 7104 4175 23564 18891 26171 24996 27984 3141 1520 25172 4896 24573 16086 16714 17624 23812 27899 5647 28035 18535 3716 26081 22143 26505 16146 766 16036 18442 1296 28592 16747 1002 338 4362 21095 12194 21448 5399 21313 18133 14351 14124 3576 38 27887 23127 11308 11628 20354 13382 19909 14881 1125 16652 28530 18688 16981 24924 13702 26321 15800 23801 12051 6585 23823 1099 3038 9471 25714 2491 15048 8713 25072 27255 25704 
2890 357 7368 3041 1127 7198 20572 25205 24385 695 2967 2345 12273 1599 25279 4675 12951 22422 7104 23564 18891 26171 4896 16086 16438 23812 27899 28035 18535 3716 26081 22143 26505 16146 27071 766 16036 18442 1296 28592 16747 4362 21095 2789 12194 21448 25187 21313 18133 14351 14124 3576 38 11308 1094 20354 19909 14881 16652 28530 3581 13702 15800 23801 27017 12051 23823 1099 9471 25714 2491 15048 8713 25072 8788 21660 17640 27391 20743 10701 8485 21922 2145 963 14433 26447 6098 6349 709 1917 14233 13737 2203 14302 2007 25238 17710 4265 18940 22627 
2890 357 7368 1127 7198 12734 25205 24385 695 2967 12273 25279 4675 7104 4175 18891 27984 1520 4896 16086 16714 27899 17668 28035 18535 3716 26505 766 18442 1296 4362 2789 12194 21313 18133 38 11308 1094 19909 14881 18688 3581 13702 23801 27017 12051 6585 1099 3038 9471 25714 15048 25072 27255 17640 27391 3382 10701 8485 21922 3934 2145 14433 27985 26447 6349 709 14233 13737 2203 25238 4265 3580 22627 7818 7988 13753 6986 4981 28178 4668 27587 1303 26397 18721 22214 26033 9895 27713 2836 27275 3867 6015 8890 21462 6728 6940 6310 7108 27768 
