2890 357 7368 13321 3041 15308 1127 7198 1972 20572 25205 7849 695 5973 24385 2967 12889 2802 2345 4675 25279 1599 12273 4175 7104 19643 22422 23564 12951 4017 18891 1520 16714 16438 26171 16086 24996 27984 25172 3141 17624 17668 27899 5647 24573 21095 23812 3716 4896 18535 26505 16146 26081 18442 27071 3576 21313 22143 28035 14881 11628 28592 21448 16747 25187 766 18133 1296 2789 338 38 23127 4362 1125 27887 14351 1002 20354 12194 16036 14124 3581 19909 5399 13382 16652 19269 11308 18688 1094 12051 24924 16981 15800 28530 25704 13702 26321 2491 14955 
2890 357 7368 3041 15308 13847 1127 7198 1972 20572 12734 25205 695 24385 2967 2345 4675 25279 1599 12273 4175 7104 19643 22422 23564 12951 4017 18891 1520 16714 16438 24996 27984 25172 3141 17624 17668 27899 5647 24573 21095 23812 3716 4896 18535 26505 16146 26081 18442 3576 21313 22143 28035 14881 11628 28592 21448 16747 25187 766 18133 1296 338 38 23127 4362 1125 27887 14351 1002 20354 12194 16036 14124 3581 19909 5399 16652 19269 11308 18688 1094 12051 24924 16981 15800 28530 25704 13702 26321 2491 15048 1099 23823 10701 9471 27255 2203 6098 26234 
2890 357 7368 3041 13847 1127 7198 20572 25205 7849 695 24385 2967 2345 15777 4675 25279 1599 12273 4175 7104 19643 22422 12951 18891 1520 16714 26171 16086 3141 17624 17668 27899 5647 23812 3716 4896 18535 26505 16146 18442 27071 3576 22143 28035 14881 11628 28592 21448 16747 25187 766 18133 1296 2789 38 23127 4362 1125 27887 14351 1002 20354 12194 16036 3581 19909 5399 13382 16652 19269 11308 18688 1094 12051 24924 15800 3038 13702 2491 15048 1099 23823 10701 9471 27255 2203 6098 26234 27017 8788 27391 21660 6585 21922 25072 8485 1917 20743 27985 
2890 357 7368 13321 3041 1127 7198 1972 12734 25205 695 5973 24385 2967 2345 4675 25279 1599 12273 4175 7104 19643 23564 12951 4017 18891 1520 16714 16438 26171 24996 27984 25172 3141 17624 17668 27899 5647 24573 23812 3716 4896 18535 26505 16146 26081 18442 27071 3576 21313 22143 14881 11628 21448 16747 766 18133 1296 338 38 4362 1125 27887 14351 1002 20354 12194 16036 14124 3581 19909 5399 13382 16652 19269 11308 1094 12051 24924 16981 15800 28530 25704 3038 13702 26321 2491 15048 1099 10701 9471 27255 20867 2203 6098 26234 21546 27017 8788 27391 
2890 357 7368 15308 13847 1127 7198 1972 20572 12734 25205 7849 695 24385 2967 12889 2802 2345 4675 25279 1599 12273 4175 7104 19643 22422 23564 12951 4017 18891 1520 16714 16438 26171 16086 24996 27984 25172 3141 17624 17668 27899 5647 24573 21095 23812 3716 4896 18535 16146 26081 18442 27071 3576 21313 22143 28035 14881 11628 28592 21448 16747 25187 766 18133 1296 2789 338 38 23127 4362 1125 27887 14351 1002 20354 12194 16036 14124 3581 19909 13382 16652 19269 18688 12051 24924 16981 15800 28530 25704 3038 13702 26321 2491 15048 23823 9471 27255 20867 
2890 357 7368 13321 3041 15308 13847 1127 7198 1972 20572 25205 7849 695 5973 24385 2967 12889 2802 2345 4675 25279 1599 12273 4175 7104 19643 22422 23564 12951 4017 18891 1520 16714 16438 26171 16086 24996 27984 25172 3141 17668 27899 5647 24573 21095 23812 3716 4896 18535 26505 16146 26081 18442 27071 3576 21313 22143 28035 14881 11628 28592 21448 16747 25187 766 18133 1296 2789 338 38 23127 4362 1125 27887 14351 1002 20354 12194 16036 14124 3581 19909 5399 13382 16652 19269 11308 1094 12051 24924 16981 15800 28530 25704 3038 13702 26321 2491 15048 
2890 357 7368 3041 1127 7198 1972 20572 25205 695 5973 24385 2967 2802 2345 4675 1599 12273 4175 7104 19643 22422 23564 12951 4017 18891 1520 16438 26171 16086 24996 25172 3141 17668 27899 5647 24573 21095 23812 3716 4896 18535 26505 16146 26081 18442 27071 3576 21313 22143 28035 14881 11628 28592 21448 16747 25187 766 18133 1296 2789 338 38 23127 4362 1125 27887 14351 1002 20354 12194 16036 14124 3581 19909 5399 13382 16652 19269 11308 18688 1094 12051 24924 16981 15800 28530 25704 3038 13702 26321 2491 15048 1099 23823 10701 9471 27255 2203 6098 
2890 357 7368 3041 1127 7198 20572 25205 695 24385 2967 2802 2345 4675 25279 1599 12273 4175 7104 22422 12951 18891 16714 16438 16086 27984 17624 17668 27899 5647 21095 3716 4896 18535 26505 26081 27071 3576 22143 28035 14881 28592 21448 16747 25187 766 18133 1296 2789 38 23127 4362 1125 27887 14351 20354 12194 16036 3581 19909 5399 16652 19269 11308 1094 12051 15800 13702 2491 15048 1099 23823 10701 9471 2203 6098 26234 27017 8788 21660 6585 21922 25072 8485 17640 1917 20743 27985 963 23801 25714 2145 13737 8713 709 14233 26447 3580 17710 5423 
2890 357 7368 3041 15308 1127 7198 20572 25205 695 5973 24385 2967 2345 4675 25279 1599 12273 4175 7104 23564 12951 4017 18891 1520 16714 16438 26171 24996 25172 3141 17668 27899 5647 24573 21095 23812 3716 4896 18535 26505 16146 18442 3576 21313 22143 28035 14881 11628 28592 21448 16747 25187 766 18133 1296 2789 338 38 23127 4362 1125 14351 1002 20354 12194 16036 14124 3581 19909 5399 13382 16652 11308 18688 1094 12051 16981 15800 28530 25704 13702 26321 2491 15048 1099 23823 10701 9471 27255 2203 6098 26234 21546 27017 8788 27391 21660 6585 21922 
2890 357 7368 13321 15308 13847 1127 7198 1972 20572 12734 25205 7849 695 5973 24385 2967 12889 2802 2345 15777 4675 25279 1599 12273 4175 7104 19643 22422 23564 12951 4017 18891 1520 16714 16438 26171 16086 24996 27984 25172 3141 17624 17668 27899 5647 24573 21095 23812 3716 4896 18535 26505 16146 26081 18442 27071 3576 21313 22143 28035 14881 11628 28592 21448 16747 25187 766 18133 1296 2789 338 38 23127 4362 1125 27887 14351 1002 20354 12194 16036 3581 19909 5399 13382 16652 19269 11308 18688 12051 24924 16981 15800 28530 25704 3038 13702 26321 2491 
