2890 7368 357 2802 12889 25438 1972 1094 27071 14955 1127 21462 7198 22422 20867 13593 12194 22038 28592 12431 695 2345 27787 2789 10588 27887 25279 11308 23801 22149 3581 7849 5399 27345 20572 23564 26171 14645 19643 19269 1994 6465 19939 8998 5853 25477 2262 28800 15739 16407 3409 19046 6349 27984 19618 25238 25205 21161 13382 13321 6883 1752 15308 25187 24996 3041 15057 22320 24385 25795 28062 4117 28214 26234 27178 27017 15113 2491 28764 22672 9471 8889 4981 4642 4675 26505 24354 22222 25658 27738 5445 23321 18110 11780 13582 14855 19950 6460 16438 16747 
2890 7368 357 25438 1972 1094 1127 21462 7198 22422 13593 12194 22038 28592 12431 695 2345 12734 27787 10588 27887 25279 11308 23801 3581 5399 27345 20572 23564 13847 14645 19643 19269 1994 6465 19939 8998 5853 25477 2262 28800 15739 16407 3409 19046 6349 27984 19618 25238 25205 21161 1752 15308 25187 24996 3041 15057 22320 24385 25795 28062 4117 28214 26234 27178 27017 15113 2491 28764 9471 8889 4981 4642 4675 26505 22222 25658 27738 5445 18110 11780 13582 14855 19950 24624 6460 16438 16747 17661 6279 9068 3508 19909 26752 1002 25714 28409 16160 26030 27355 
2890 7368 357 25438 1094 27071 1127 21462 7198 22422 12194 15777 28592 12431 695 2345 27787 2789 10588 27887 25279 11308 23801 22149 3581 7849 5399 27345 20572 13847 26171 14645 19643 19269 3038 1994 6465 19939 8998 5853 25477 2262 28800 15739 16407 3409 6349 19618 25205 21161 13382 1752 25187 3041 22320 24385 25795 28062 28214 26234 27178 27017 15113 2491 9471 8889 4981 4642 4675 26505 24354 22222 25658 27738 23321 18110 11780 13582 14855 19950 24624 6460 16747 17661 6279 3508 19909 26752 1002 25714 16160 27355 20650 21767 15587 482 27121 13360 3216 20153 
2890 7368 357 25438 1972 1094 27071 1127 21462 7198 20867 12194 22038 12431 695 2345 12734 27887 25279 11308 23801 3581 5399 27345 23564 26171 14645 19643 19269 3038 1994 6465 19939 5853 25477 2262 28800 15739 16407 3409 19046 6349 27984 19618 25205 21161 13382 13321 6883 1752 24996 3041 15057 24385 10658 25795 28062 4117 26234 27178 27017 15113 2491 28764 22672 9471 8889 4981 4642 4675 26505 22222 25658 27738 5445 23321 11780 13582 14855 19950 24624 6460 16438 16747 17661 6279 3508 19909 26752 1002 28409 16160 26030 20650 1471 21767 482 27121 13360 24585 
2890 1972 357 23564 1127 2345 12889 695 27028 10588 15113 16444 27345 6349 21546 28800 20572 22422 14645 7368 7198 6310 766 19643 12071 27512 19190 2967 27899 25205 21462 15816 20950 13382 28592 9471 22143 18428 2802 22753 6683 4523 25704 26071 21559 21660 4362 2262 24996 15308 24585 7818 578 4896 9042 14686 22320 2842 27858 13360 4668 26171 23801 17661 12961 25172 7104 6267 7849 1752 12273 15519 16222 12431 16323 12343 2734 17624 22244 19050 27071 23823 20650 25944 10091 23518 27002 7788 22750 16182 27391 3125 3216 16981 21477 14528 16868 19909 28008 24624 
2890 7368 357 2802 12889 25438 1972 1094 27071 1127 21462 7198 22422 13593 12194 22038 28592 12431 695 2345 27787 2789 10588 27887 25279 11308 23801 22149 3581 7849 5399 27345 20572 23564 13847 26171 14645 19643 19269 3038 1994 6465 19939 8998 5853 25477 2262 28800 15739 16407 3409 19046 6349 27984 19618 25238 25205 21161 13382 13321 6883 1752 15308 25187 24996 3041 15057 22320 24385 25795 28062 4117 26234 27178 27017 15113 2491 28764 22672 9471 8889 4981 4642 4675 26505 24354 22222 25658 27738 5445 23321 18110 11780 13582 14855 19950 24624 6460 16438 16747 
2890 7368 357 2802 25438 1972 1094 27071 1127 21462 7198 22422 12194 22038 28592 12431 695 2345 27787 2789 10588 27887 11308 23801 22149 3581 5399 27345 20572 23564 26171 14645 19643 19269 3038 1994 6465 19939 8998 5853 25477 2262 28800 15739 16407 3409 6349 19618 25238 25205 21161 13382 1752 25187 24996 3041 22320 24385 25795 28062 28214 26234 27178 27017 15113 2491 28764 9471 8889 4981 4642 4675 26505 22222 25658 27738 5445 23321 18110 11780 13582 14855 19950 24624 6460 16438 16747 17661 6279 9068 3508 19909 26752 1002 25714 28409 16160 26030 20650 1471 
2890 357 1127 2345 5399 695 10588 15113 27345 6349 28800 20572 22422 14645 7368 7198 6310 22627 766 14233 27512 19190 2967 27899 25205 3041 21462 26505 20950 28592 9471 22143 18428 2802 6683 4523 26071 21660 4362 2262 7818 578 4896 9042 14686 2842 27858 11308 13360 4668 23801 7104 6267 1752 12273 6361 15519 16222 16323 2734 17624 19050 27071 15739 23823 20650 27002 16182 3125 3216 16868 27275 28008 19909 5336 9291 11133 8395 6049 11085 14881 27850 21242 8636 15670 19443 17777 3595 12951 11760 27178 38 23693 6105 23555 28851 24284 21478 28455 19877 
2890 7368 357 25438 1094 1127 21462 7198 13593 12194 22038 28592 695 2345 27787 2789 10588 25279 11308 23801 3581 5399 20572 23564 26171 14645 6465 19939 8998 5853 2262 28800 15739 16407 3409 19046 6349 19618 25205 21161 13382 6883 1752 15308 25187 24996 3041 22320 24385 25795 28062 4117 28214 26234 27178 27017 15113 2491 28764 22672 9471 4981 4642 4675 26505 22222 25658 27738 5445 18110 11780 13582 14855 19950 6460 16438 16747 17661 6279 3508 19909 26752 1002 25714 28409 16160 26030 27355 17678 15587 482 27121 13360 24585 3216 20153 16526 115 6728 22053 
2890 7368 357 2802 12889 25438 1972 27071 14955 1127 21462 7198 22422 20867 13593 12194 22038 15777 28592 12431 695 2345 12734 27787 2789 27887 25279 11308 23801 22149 3581 7849 5399 27345 20572 23564 13847 26171 14645 19643 19269 3038 1994 19939 8998 5853 25477 2262 28800 15739 16407 3409 19046 6349 27984 19618 25238 25205 21161 13382 13321 1752 15308 25187 24996 15057 22320 24385 10658 28062 4117 28214 26234 27178 27017 15113 2491 22672 9471 4675 26505 24354 22222 25658 5445 23321 18110 11780 13582 14855 24624 6460 16438 16747 17661 6279 9068 3508 19909 26752 
