2890 7368 357 12889 25438 1972 1094 27071 1127 21462 7198 22422 6465 22038 13593 15777 12194 28592 695 2345 27787 25279 10588 27887 2789 23801 11308 3581 7849 20572 5399 22149 23564 27345 26171 13847 14645 19269 19643 3038 20867 1994 8998 5853 16407 25477 2262 15739 28800 3409 19939 19618 6349 27984 25238 21161 13321 25205 13382 1752 24996 15308 25187 22320 3041 28062 25795 24385 4117 15057 27178 27017 26234 15113 28764 22672 9471 25658 2491 26505 11780 22222 27738 8889 4675 4981 4642 23321 24354 13582 18110 19950 24624 16438 14855 20650 1471 1002 19909 6279 
2890 7368 357 12889 25438 27071 1127 21462 7198 6465 22038 13593 15777 12194 695 2345 27787 25279 10588 27887 23801 11308 3581 20572 5399 22149 23564 27345 14645 19269 19643 3038 1994 5853 16407 25477 2262 15739 28800 19046 19939 19618 6349 25238 21161 13321 25205 13382 1752 24996 28062 25795 4117 27178 15113 28764 22672 9471 25658 2491 26505 11780 22222 8889 4675 4981 4642 23321 5445 13582 18110 19950 24624 14855 20650 3508 1471 19909 17661 6279 16747 16160 9068 6460 26752 25714 26030 28409 17678 482 27121 3216 13360 15587 24585 16526 28455 28559 6728 115 
2890 357 1127 695 27028 6349 22627 27899 28800 15113 14233 6310 14645 10588 766 4362 7818 7198 2967 20950 9042 4523 20572 3041 25205 6683 14686 7368 19190 26071 4896 2842 26505 9471 2262 21462 18428 15519 28592 21660 2734 27858 578 4668 16182 16222 22244 3125 7104 19050 21242 11085 11308 6049 8636 5336 6361 1752 6267 12273 27275 3595 22750 27850 23801 14528 15670 19909 11133 27391 11109 15739 3216 9291 28092 18763 6276 8395 20354 23555 17777 24284 7972 3867 38 9548 13593 23693 1090 21478 482 15292 4913 19929 12194 27989 5347 13753 28851 11296 
2890 357 1127 695 6349 22627 27899 28800 15113 14233 6310 14645 10588 22422 766 4362 7818 7198 2967 20950 9042 4523 20572 3041 25205 6683 14686 7368 19190 26071 4896 2842 13382 26505 9471 2262 21462 18428 15519 28592 21660 2734 27858 21559 13360 578 4668 16182 16222 3125 22320 19050 7104 21242 11085 11308 23823 6049 7788 8636 14881 12343 5336 6361 6267 1752 12273 27275 3595 16323 22750 27850 23801 19909 12961 11133 15670 27391 15739 3216 21477 19443 28092 24624 18763 6276 8395 21204 17647 20354 23555 17777 24284 7972 3867 38 9548 1002 23693 1090 
2890 7368 357 2802 25438 1094 27071 1127 21462 7198 22422 6465 22038 12194 28592 695 2345 27787 25279 10588 27887 2789 23801 11308 3581 20572 5399 22149 27345 14645 19269 20867 1994 8998 5853 16407 25477 2262 15739 28800 3409 19939 19618 6349 21161 25205 13382 1752 25187 3041 28062 25795 24385 15057 27178 10658 27017 26234 15113 28764 9471 25658 2491 26505 22222 8889 4675 4981 4642 23321 24354 5445 13582 18110 19950 14855 20650 3508 1471 19909 6279 16747 16160 9068 6460 26752 25714 26030 27355 482 27121 3216 13360 15587 20153 16526 28455 28559 6728 115 
2890 7368 357 12889 1094 27071 14955 1127 21462 7198 22422 6465 22038 13593 15777 12194 28592 12431 695 2345 27787 25279 10588 27887 23801 11308 3581 7849 20572 5399 22149 23564 27345 26171 13847 14645 19269 19643 3038 20867 1994 8998 5853 16407 25477 2262 15739 28800 3409 19046 19939 19618 6349 27984 25238 6883 21161 13321 25205 13382 1752 24996 15308 25187 22320 3041 28062 25795 24385 4117 15057 28214 27178 10658 27017 26234 15113 28764 22672 9471 25658 2491 26505 11780 22222 27738 8889 4675 4981 4642 23321 24354 5445 13582 18110 19950 24624 16438 14855 20650 
2890 7368 357 25438 1094 27071 1127 21462 7198 22422 6465 22038 13593 15777 12194 28592 695 2345 27787 25279 10588 27887 2789 23801 11308 3581 7849 20572 5399 22149 23564 27345 26171 14645 19269 19643 1994 8998 5853 16407 25477 2262 15739 28800 3409 19939 19618 6349 27984 25238 21161 13321 25205 13382 1752 24996 15308 25187 22320 3041 28062 25795 24385 4117 15057 28214 27178 10658 27017 26234 15113 28764 22672 9471 25658 2491 26505 11780 22222 27738 8889 4675 4981 4642 24354 5445 13582 18110 19950 24624 16438 14855 20650 3508 1471 19909 17661 6279 16747 16160 
2890 7368 357 1972 1127 21462 7198 22422 6465 15777 12194 28592 695 2345 27787 25279 10588 27887 23801 11308 20572 5399 22149 23564 26171 14645 19643 3038 8998 5853 16407 25477 2262 15739 28800 3409 19046 19939 19618 6349 27984 21161 13321 25205 13382 1752 24996 15308 22320 3041 28062 25795 24385 15057 27178 10658 15113 28764 22672 9471 25658 2491 26505 11780 22222 27738 8889 4675 4981 4642 24354 13582 19950 24624 14855 20650 3508 1471 1002 19909 17661 6279 16747 16160 6460 26752 25714 28409 27355 21767 482 27121 13360 3216 24585 20153 16526 28455 28559 6728 
2890 7368 357 25438 1094 27071 1127 21462 7198 22422 12194 28592 695 2345 27787 25279 10588 2789 23801 11308 3581 20572 22149 23564 26171 14645 8998 5853 16407 25477 2262 15739 28800 3409 19939 19618 6349 25238 21161 25205 1752 25187 3041 28062 25795 24385 15057 27178 27017 15113 22672 9471 25658 2491 26505 22222 27738 8889 4675 4981 4642 23321 24354 5445 13582 18110 19950 16438 14855 20650 19909 16747 16160 9068 6460 26752 25714 26030 482 27121 3216 13360 15587 20153 16526 28455 28559 6728 115 19190 21768 28388 1917 22053 17795 25827 26464 15292 24477 14083 
2890 357 1127 695 27028 6349 22627 27899 15113 14233 6310 14645 766 4362 7818 7198 2967 20950 9042 4523 25205 6683 7368 19190 26071 4896 2842 26505 9471 2262 21462 18428 15519 2734 27858 13360 578 4668 16222 3125 19050 7104 21242 11085 11308 6049 7788 8636 14881 27002 6361 1752 12273 27275 3595 22750 27850 23801 11133 19909 27391 3216 9291 19443 28092 6105 20650 18763 6276 21204 8395 23555 24284 17777 8206 3867 38 9548 28250 1090 21478 482 8485 19929 4913 15292 12194 27989 25238 13753 21431 5347 28455 27178 6248 4675 25800 14958 25214 14083 
