2890 7368 357 25438 1094 1127 21462 7198 22422 6465 22038 13593 12194 12431 695 25279 23801 11308 3581 20572 27345 26171 13847 14645 19269 1994 5853 2262 15739 19939 6349 27984 21161 13382 1752 3041 28062 25795 4117 27178 27017 15113 28764 22672 9471 25658 2491 26505 11780 8889 4675 4981 4642 23321 13582 18110 19950 24624 14855 20650 3508 1471 19909 17661 6279 16747 6460 26752 25714 21767 482 27121 3216 15587 24585 16526 28559 6728 115 19190 17632 28388 1917 22053 28805 21431 338 25827 26464 21546 15292 24477 14083 26842 23789 22870 22753 16177 11830 18688 
2890 7368 357 25438 1094 1127 21462 7198 6465 12194 28592 695 25279 10588 2789 23801 11308 3581 20572 26171 13847 14645 19643 8998 5853 16407 2262 15739 28800 3409 19939 19618 6349 27984 6883 21161 1752 15308 3041 28062 25795 24385 28214 27178 9471 25658 2491 26505 11780 4675 4981 4642 23321 24354 13582 19950 24624 14855 19909 17661 16747 16160 6460 26752 25714 27355 482 27121 3216 20153 16526 28559 6728 19190 21768 17632 22956 22053 28805 17795 25827 26464 15292 24477 14083 4095 24545 23789 22870 22753 16177 11830 22143 27414 21534 28401 26099 27852 14963 6486 
2890 7368 357 12889 25438 1127 21462 7198 6465 22038 12194 695 2345 25279 10588 23801 11308 3581 20572 5399 26171 14645 19643 3038 5853 16407 25477 2262 15739 28800 3409 19046 19939 6349 25238 21161 25205 1752 24996 22320 3041 28062 25795 24385 4117 27178 10658 27017 15113 28764 9471 25658 2491 26505 11780 22222 4675 4981 4642 5445 13582 18110 14855 1471 1002 19909 16747 6460 26752 26030 21767 482 27121 3216 16526 28455 28559 6728 19190 23127 22956 22053 28805 26464 21546 15292 24477 14083 4095 23789 22753 16177 11830 16086 22143 27414 18877 21534 28401 27852 
2890 7368 357 27071 1127 21462 7198 22422 6465 22038 15777 12194 28592 695 2345 10588 2789 23801 11308 3581 7849 20572 5399 23564 27345 26171 13847 14645 19269 19643 3038 16407 25477 2262 15739 28800 19939 6349 6883 21161 13321 13382 1752 24996 25187 28062 25795 24385 4117 27178 26234 15113 28764 22672 9471 25658 2491 26505 11780 8889 4675 4981 4642 24354 5445 13582 19950 14855 3508 1002 19909 6279 16747 6460 26752 25714 26030 28409 27355 21767 482 27121 13360 3216 15587 24585 20153 16526 28455 28559 6728 115 17624 19190 21768 17632 23127 1917 22956 22053 
2890 357 1127 695 22627 27899 15113 14233 6310 14645 766 4362 7818 7198 2967 20950 9042 4523 20572 15816 25205 6683 14686 7368 19190 26071 4896 2842 26505 9471 2262 18428 15519 2734 27858 25172 578 4668 17661 16222 3125 7104 19050 21242 11085 11308 7788 8636 27002 6361 1752 27275 3595 16323 22750 27850 23801 19909 11133 27391 15739 3216 28092 9291 6105 18763 8395 21204 6276 24284 23555 17777 23518 12951 3867 38 1090 21478 482 19929 8485 15292 4913 27989 13753 5347 11296 23812 27178 6248 25214 28178 24351 21465 18395 19138 15755 3716 1416 3038 
2890 7368 357 2802 12889 25438 1972 1094 27071 14955 1127 21462 7198 22422 13593 15777 12194 28592 12431 695 2345 27787 25279 12734 10588 27887 23801 3581 7849 20572 5399 22149 23564 27345 26171 13847 14645 19269 19643 3038 20867 1994 8998 16407 25477 2262 15739 28800 3409 19046 19939 19618 6349 25238 6883 25205 13382 1752 24996 15308 25187 22320 28062 25795 24385 4117 15057 28214 27178 10658 27017 26234 15113 28764 9471 25658 2491 11780 22222 27738 8889 4675 4981 4642 23321 24354 5445 13582 18110 19950 24624 16438 14855 20650 3508 1471 1002 19909 17661 6279 
2890 7368 357 1094 1127 21462 7198 22422 6465 22038 12194 695 2345 23801 11308 7849 20572 22149 27345 26171 14645 19643 3038 20867 1994 5853 16407 2262 15739 28800 3409 19939 27984 21161 13321 25205 13382 1752 24996 22320 3041 28062 25795 4117 28214 27178 15113 28764 22672 9471 25658 26505 11780 22222 4675 4981 4642 23321 24354 5445 13582 18110 19950 24624 16438 14855 20650 3508 1471 19909 17661 6279 16747 16160 9068 6460 26752 26030 28409 27355 21767 482 27121 13360 3216 15587 24585 16526 28559 6728 17624 19190 17632 28388 1917 22956 22053 28805 25195 21431 
2890 7368 357 1094 1127 7198 6465 12431 695 25279 2789 23801 11308 22149 13847 14645 19643 3038 20867 5853 16407 25477 2262 19939 6349 21161 13382 1752 28062 4117 15057 27178 10658 15113 9471 25658 2491 26505 11780 4675 4981 4642 23321 13582 18110 16438 14855 19909 6279 16747 9068 6460 26752 26030 27355 27121 3216 28559 6728 17624 19190 22956 22053 28805 15292 24477 14083 24545 23789 16177 11830 22143 27414 18877 21534 28401 24757 6486 20508 17760 8305 2967 26397 20498 28178 5084 18891 19619 3763 19572 7108 23715 27505 17192 18428 3852 5973 28752 2940 6399 
2890 7368 357 1127 21462 7198 6465 12194 12431 695 27787 25279 2789 23801 11308 22149 14645 19643 3038 20867 1994 5853 2262 15739 19046 19939 6349 21161 25205 1752 3041 28062 25795 15057 27178 10658 15113 28764 9471 25658 26505 8889 4981 4642 23321 5445 13582 18110 19950 24624 16438 14855 1471 19909 16747 16160 9068 6460 26752 25714 26030 27355 17678 482 27121 3216 13360 15587 20153 16526 6728 115 17624 19190 17632 22956 22053 28805 17795 338 26464 15292 24477 14083 4095 24545 23789 16177 11830 22143 27414 18877 21534 28401 26099 27852 14963 24757 6486 16457 
2890 357 1127 695 27028 22627 27899 14233 6310 14645 766 4362 7818 19643 7198 2967 20950 4523 6683 7368 19190 26071 4896 26505 9471 18428 15519 21660 2734 24585 578 16182 16222 22244 3125 7104 21242 11085 11308 6049 7788 8636 14881 6361 6267 1752 12273 27275 26171 17624 16323 27850 22750 23801 15670 28008 19909 11133 27391 3216 28092 9291 6105 21204 8395 17647 17777 20354 23555 7972 3867 38 9548 23693 1090 21478 4913 15292 19929 26609 8485 27989 13753 5347 6248 27178 28178 19138 18395 5647 3716 15755 1416 28062 13010 3141 25795 27985 6223 21767 
