0.2
0.217391304348
0.2
0.194174757282
0.71
0.170673076923
0.48
0.146341463415
0.29
0.0181363352095
0.28
0.288659793814
0.33
0.183333333333
0.95
0.0346083788707
0.37
0.18407960199
0.38
0.0236612702366
precision = 0.419000
recall    = 0.146106
f-measure = 0.181617
0.27
0.313953488372
0.37
0.147410358566
0.83
0.0282408982647
0.82
0.0310841546626
0.41
0.061377245509
0.13
0.107438016529
0.1
0.133333333333
0.38
0.19
0.63
0.0941704035874
0.8
0.0547195622435
precision = 0.474000
recall    = 0.116173
f-measure = 0.147399
0.44
0.211538461538
0.58
0.167146974063
0.6
0.20979020979
0.42
0.230769230769
0.87
0.0680218921032
0.16
0.0410256410256
0.33
0.144736842105
0.83
0.0813725490196
0.48
0.0546075085324
0.72
0.0700389105058
precision = 0.543000
recall    = 0.127905
f-measure = 0.192061
