486 3961 8411 20686 12503 17609 19483 5434 28903 1059 1094 1159 1167 1188 1270 1277 1320 1335 1453 1673 1684 1749 1755 1763 1827 1857 1886 2016 2770 2794 2843 2871 2887 3003 3038 3169 3390 3409 3450 3507 3550 3590 3615 3658 3731 3803 3839 51 4004 4048 4052 4292 4373 4434 4437 4502 4532 4544 4598 4652 4682 4693 4853 4943 4960 4995 5214 5353 5387 222 5435 5508 5566 5628 5675 5802 5846 5934 6031 6091 6105 6222 6403 6448 6720 6728 6737 6752 6826 6986 7232 7314 7418 7430 7485 7635 7773 7865 7932 7942 
5837 6447 7331 12502 16498 17626 20210 25201 1736 1936 2183 2339 2384 2452 2921 2993 3030 3217 3501 3509 3631 3659 3691 3943 3948 4048 4239 4241 4394 4502 4530 4800 4879 4912 4917 5186 5220 5306 5390 5411 5426 5472 5475 5510 5532 5680 5725 5747 5760 413 5875 5889 5922 6157 6201 6301 6305 6384 6385 6403 6408 6420 422 6508 6545 6609 6728 7320 600 7481 7499 7582 7644 7942 8016 8024 8039 8041 8058 8155 8172 8317 8364 8385 8402 8463 8465 8513 8600 8635 8699 8704 8736 8788 8916 8923 9066 9152 9372 9382 
8650 8846 486 15287 20136 20502 6549 8041 8106 631 8788 1453 8884 9861 13623 14315 1707 16177 16638 17492 19368 3633 20483 4048 21435 24612 26785 26941 660 4502 5148 5802 6031 6222 807 6770 7235 1002 1296 8317 8402 8601 1298 8699 188 1591 1684 9462 9496 9637 613 10818 10821 10914 11457 12198 12499 12503 12759 12889 2108 13820 14311 2420 14349 14958 2461 15660 15777 15883 2598 16235 16343 16503 16550 3030 17213 3038 17631 17632 17994 18003 3477 19751 19795 19932 3509 20276 356 3667 20572 20765 3803 22047 22076 22359 22836 22977 23185 23444 
20483 1733 13867 16959 17933 18020 486 24412 1216 1243 1707 413 3143 3633 4048 4194 4502 4714 5842 5946 5990 6587 6770 7199 7870 8155 8463 8650 8660 8796 9052 10219 10491 12232 12394 13181 482 14213 14270 14275 14388 14877 14941 15578 16098 16652 16838 30 17213 664 17971 17979 17990 17994 18002 788 19192 20122 20136 1002 20687 21415 24407 1120 24540 25193 25803 26100 26142 26941 28143 28855 1815 1857 1899 1906 1926 1936 1954 2014 2045 2096 2103 2108 2242 2319 2418 2516 2574 2598 2684 2789 2797 2811 2815 2836 2838 2871 2925 2998 
9375 712 1827 3796 4333 4406 6728 7432 8846 1315 14227 14293 3280 3289 1020 4048 1093 4386 1225 4674 4807 4981 5815 5998 6479 6604 1313 273 8117 8342 8762 8799 1335 1594 774 2559 16335 17479 18160 20572 23094 27716 442 1024 3425 3490 3662 445 3860 3898 552 4085 4099 4236 1234 584 598 4476 4541 631 4694 4800 27 4956 733 5075 5083 5102 5356 5579 1840 5829 5889 5977 5981 1905 6286 6298 6301 6327 6403 1977 6481 2096 2152 7097 7219 7343 2168 7648 7728 8106 2203 8155 8206 2207 8701 2523 324 2572 
3961 486 5532 5751 19925 23001 796 807 890 1008 1086 1090 1167 1193 1245 1277 1666 1673 1687 1707 1886 1921 2339 2362 2420 2473 2639 2769 2843 2966 3001 3169 3290 3378 3408 3426 3501 3509 3513 3580 3596 3658 3776 3803 3836 3867 30 4040 4048 4052 4361 4390 4464 4562 4615 4789 4840 4935 5007 5380 5390 5393 5453 23 5619 629 5846 5863 6078 6185 6222 6238 6301 6539 6549 6631 6728 6868 6954 7036 7062 7232 7233 7490 7761 8022 8078 8162 8172 8324 8364 8382 8403 8465 8513 8650 8682 8699 8896 8934 
486 7582 790 1707 3662 4212 4329 5820 6487 7036 356 8041 8155 8463 8513 8685 10126 12502 13589 14213 14400 15287 15883 16098 16638 18049 18209 20686 22076 24350 25201 25340 26416 26941 27139 27323 28861 1201 1252 1285 1296 1300 1319 1320 1401 1453 1551 1584 1609 1616 1656 50 1718 1815 1827 1831 1936 2096 2122 2136 2155 2160 2185 2199 2231 2242 2254 2291 2322 2357 2402 2413 2559 2607 2769 2770 2797 2839 2965 3011 3066 3091 3103 3176 3195 3217 3264 3272 3304 3341 3348 3443 3450 3477 3478 3490 3509 3590 3615 3659 
631 486 356 8846 5553 3803 16498 4048 1315 8106 8155 413 13858 14360 3902 17993 25215 26941 2577 8402 8462 8736 3408 12036 4116 14218 3479 16082 7036 7320 7499 26501 940 13589 815 3217 14227 14281 9578 9654 9746 9751 19232 20483 21268 23204 24350 24412 25201 11447 25220 25819 26142 26190 3777 12328 28945 9062 9089 9548 3662 63 1017 1020 9807 10013 10491 11209 188 1320 4329 12403 12500 13518 4374 4502 13928 14164 4562 4789 5510 14315 14316 2370 15071 15080 15883 5562 16113 16128 5764 16503 16638 16720 16818 17491 17562 5837 18003 19192 
486 3961 6222 20483 26190 26785 3662 3760 3803 356 4048 4212 4394 4502 4562 4865 4868 1167 7036 7061 7331 7392 7499 7582 8041 8366 8463 8513 8613 8788 9637 10610 11869 14213 14315 14341 14972 15085 15470 15607 16098 16376 16498 16506 16638 16639 16720 17971 18321 19336 20157 3426 22011 22076 23545 24412 25803 3501 3509 27323 28177 28900 2906 2932 2940 2958 3003 3011 3038 3066 3217 3249 3268 3272 3281 3304 3316 3355 3403 188 3443 3479 413 299 3513 3567 3576 3590 3603 3615 3659 561 3682 568 3771 613 3818 3839 3867 3890 
1311 8884 4211 4642 6770 45 15287 3228 442 4337 631 4819 5022 5889 6604 796 7319 54 2232 25376 4004 1473 4333 1534 1616 1707 2096 156 2420 2626 3011 712 8917 13473 15014 3477 17184 19046 19751 20493 20502 3507 25403 273 4064 716 1558 126 4376 4396 4496 852 4648 1827 4840 4952 4967 4981 1857 5291 5323 5353 5648 5781 1996 6019 6277 912 2180 7038 967 8117 8172 8274 8632 8660 8699 8799 8846 2304 2389 9462 9861 10832 12811 1027 13820 14474 2443 1029 2660 17995 2794 1077 19846 20483 1091 3421 22721 24540 
