15287 8846 3633 6105 6728 8513 8650 1827 631 16177 16498 20502 26190 6495 815 8041 8106 928 1094 1707 8884 9462 10778 11249 14315 486 2906 16392 551 17632 20122 20483 4048 273 26941 8402 8465 8507 1736 8601 4502 8660 8807 5408 5879 5968 9775 9861 30 10821 6320 11599 13034 6448 15085 1453 15607 6549 3425 7036 16638 17626 7314 17951 17994 18554 19368 19828 19846 7582 20136 1059 3898 21606 22721 23783 24412 24413 24540 26183 8317 26785 8366 26957 28742 28855 1520 1594 1684 6664 779 6770 6840 482 7097 7199 7235 1748 7331 7418 
4048 16177 12503 631 26190 8846 16638 20483 7199 8788 3902 10433 11869 273 13623 13928 14230 14336 30 16253 16498 16502 7499 16668 17492 18811 8106 21435 21606 24412 8650 26941 8206 8402 8507 8513 2420 2598 2871 8955 9162 9790 3217 10914 11391 3501 3577 3633 13820 3867 13932 14097 14119 3898 14281 14315 522 14400 15062 15085 15164 4017 713 16392 4562 16500 5007 16614 5295 16639 5306 16669 17491 5408 5989 20122 6728 20496 20502 815 1094 7988 24597 24788 8041 26785 1707 27323 27510 27881 28611 28916 3875 8884 1008 9023 9028 9052 9089 9119 
486 4048 5408 8846 3776 14230 16498 17491 8650 8788 613 12503 13824 356 14302 14315 15287 7036 16638 7199 20122 26957 963 1003 7202 8106 1594 8685 1704 3101 9114 9462 10781 10904 3409 3633 413 815 4562 4582 16335 16392 4714 5155 17184 899 19404 19932 6349 20483 22558 22836 22956 24412 24788 25215 25938 26236 26941 6495 27414 27906 8642 126 3425 8767 928 940 9052 9089 3803 9119 273 9803 4220 4441 11599 11752 11869 12502 709 13063 13076 13623 13752 712 14218 14227 1684 14281 14293 4757 14309 14311 5044 14385 14400 14958 470 15660 
8106 24412 3633 8788 6105 24413 964 4048 8465 8685 4300 14311 14315 16335 22721 4502 4562 26190 26785 6223 6549 7036 7576 815 3803 3860 631 9119 9751 10781 11977 12394 12503 13076 13623 14097 14210 14221 14293 1020 1594 14385 2907 17492 17512 20483 22214 5007 22956 23545 5762 5880 25201 5989 2958 28334 4819 4955 854 5098 5149 5408 5532 5553 5667 885 5837 5843 442 445 6063 1070 1176 6405 6469 6479 1290 6986 1315 7088 7113 7199 7235 7292 7418 486 7627 8041 8058 1684 8225 8317 8333 8354 8402 1768 8507 8529 8650 8670 
8846 3633 631 4048 815 16638 11869 6728 8465 16392 8106 26190 14281 15287 6549 8788 20496 20502 14230 13820 14227 19828 2958 5408 24412 413 5837 13928 9807 3777 18003 16113 273 9085 27881 12503 13623 1684 17491 17632 17994 4562 9619 20493 8507 790 14315 25222 14360 12222 28611 9089 16177 6105 16498 6252 712 848 7036 7199 4300 20122 13824 3217 963 8650 8685 5762 3776 5853 28945 8513 8642 14383 14385 2598 5553 823 16326 16343 482 3408 5880 9119 9579 3479 9790 18818 19129 19192 19404 19751 890 6286 939 792 3803 22214 1594 24960 
4361 6728 19828 713 1285 1370 1520 1673 1827 2740 273 4441 5408 324 8061 8462 8575 10832 11643 11869 16345 568 23403 2572 2736 940 2843 2910 3019 3161 3236 3481 3573 3580 3796 3867 3961 4017 4073 631 4386 1298 4631 4636 5092 5255 5335 416 5881 5998 6484 1470 7232 7343 842 8106 8172 1656 875 8682 9987 10778 1675 11249 1684 885 13401 13432 14316 16335 2236 17626 2256 22836 2304 1526 1581 3614 3662 3777 551 3804 3834 557 3908 3934 350 584 4048 963 4227 4292 4333 4337 4357 1836 2039 4396 2096 4486 
631 8106 1594 3902 4562 815 8685 10781 13623 18811 24413 8366 8513 8650 3879 8788 8846 9090 10491 10778 1253 10808 1315 14218 14385 16392 16738 5989 19828 20483 20572 20772 24412 486 6115 6447 7314 7320 7426 7829 8041 1240 8155 8223 8344 600 8453 1290 8642 413 8666 1322 273 8807 2016 8884 2598 2958 3633 3839 10803 3875 11077 11172 12502 13518 13589 928 13886 14210 3890 14230 14293 14360 964 14400 14958 15014 15287 15660 4329 16406 16498 16502 16638 16669 4502 16900 17006 17491 17492 18378 1102 19814 5408 20122 20148 5725 20496 20511 
8846 8465 631 16638 815 8106 7199 14315 16498 6728 24412 15287 413 3633 6549 13623 13928 16113 14227 14230 20483 14281 16343 422 14336 1684 2958 24960 18003 8513 1003 17491 26190 273 963 9807 12502 792 20751 22214 22836 4562 6252 25172 25201 25215 16392 26785 964 19828 20122 8650 20496 3934 14360 15062 24350 356 24727 11447 7036 5408 7202 5747 5880 27881 28916 28945 807 350 8601 5989 6157 9467 9563 9751 17951 9790 18794 18914 19197 19439 3217 9898 10491 20493 10778 20688 6461 6495 22718 22721 12503 13499 3425 24413 24612 940 14218 3879 
14227 8788 631 16498 13623 4562 4048 18003 6728 14218 8106 14281 16113 8465 16638 2340 24412 6549 14360 14385 8846 486 815 1315 20751 14262 1020 9807 13499 16177 16343 8155 5837 17491 8513 8736 7199 26941 27881 28945 5408 8462 16392 5553 1322 273 3633 19091 14315 14336 24727 413 792 11447 8912 15062 9548 3777 16326 10276 3902 11869 3934 1008 13928 8206 19173 19418 20122 20496 2787 22836 3217 3479 25201 25215 5747 27506 3492 796 10491 5185 2367 5495 13621 848 2958 3030 5889 14230 6115 940 14288 713 774 7202 7320 14400 14424 7392 
631 8846 4048 24412 815 8465 8106 273 20483 6728 14230 413 5989 14315 16498 14227 13824 16343 11869 7036 14218 27506 10781 4562 12503 13623 17491 3908 20502 20688 6549 24413 2958 16335 6286 356 16502 16638 792 19828 20148 63 848 4757 20751 8513 8650 1684 28945 14941 16177 16253 8739 3777 16392 10276 3803 11447 1003 18003 712 13499 13518 20496 807 7938 3479 5408 5853 24727 25201 5889 14385 9085 9119 9619 854 10778 6157 11077 890 3898 940 18321 18811 19217 12843 779 1594 8041 30 8155 5324 823 5747 24612 796 3576 25215 25227 
