2890 7368 357 1127 7198 12889 1972 21462 2802 27071 22422 10588 2345 1094 14645 695 28592 27345 23564 5399 28800 11308 20572 12194 6349 25205 23801 3581 27787 2262 15739 13593 13382 27887 15308 15113 24996 26171 25438 7849 26505 25279 1752 9471 22038 19909 28062 27178 25795 8998 19618 26234 25658 19269 16407 12431 21546 13360 25238 1994 3041 19190 20650 4675 27738 23823 27121 2491 16160 21161 24585 27512 3216 13582 15816 482 23127 16323 25187 28455 18428 26071 22627 2967 27017 20950 4642 6728 12071 16444 6279 15670 15292 24385 22143 766 21431 23788 14083 26752 
2890 7368 357 1127 7198 21462 14645 695 22422 1972 10588 28592 11308 20572 12194 28800 2345 6349 1094 23801 25205 25438 2262 5399 15739 3581 27787 27345 28062 26505 19909 27178 23564 1752 9471 15113 27887 25658 19618 25795 8998 25279 16407 27121 19190 3041 13582 2491 21161 26234 482 13360 3216 4642 27738 16160 4675 24385 19939 6465 26752 22627 2967 6728 23823 20950 25187 26071 18428 27017 15292 28455 19269 1994 14083 28401 21534 15670 19950 20650 22038 4362 766 16176 7104 20153 6279 16323 115 22143 6460 3409 578 27899 13593 21660 27512 16182 19929 23693 
2890 357 7368 1127 7198 21462 14645 10588 695 22422 11308 2345 28800 28592 27071 20572 25205 5399 6349 12194 27345 23801 19909 2262 15739 9471 1094 15113 26505 27178 1752 25658 27787 28062 25795 13382 3581 27121 27887 19618 19190 13360 23823 3041 8998 26234 16407 18428 13582 26071 20650 20950 2967 16323 27512 16160 482 15670 21161 22627 27738 15292 28455 3216 26752 766 28401 2491 4642 19269 23127 6728 21660 16182 21534 578 4362 25187 26609 25438 19929 16176 25279 20153 14083 1994 27899 24385 22750 7104 6279 19950 27017 4675 23693 27740 115 25827 27852 8594 
2890 357 7368 1127 7198 21462 14645 695 11308 23801 28800 6349 25205 9471 19909 2262 25658 1752 26505 27178 28062 15739 3581 27121 19190 13582 12194 18428 2967 3216 20950 26071 15113 4642 766 22627 15292 3041 2491 16407 25795 28401 21161 26752 578 4362 25438 6728 19929 482 7104 16176 21534 27899 27071 14083 16182 27989 27740 24477 20498 19618 6465 16160 6460 2345 8594 3847 25279 24385 3852 19939 5492 6399 8624 22939 11713 28092 6683 19950 26059 4675 22143 23555 15650 18831 19619 14233 6267 18467 23789 8395 10803 9895 22750 4913 16652 27852 17994 28851 
2890 7368 357 1127 695 7198 9471 23801 18428 766 19190 14645 578 1752 26071 25658 3216 15292 2967 8395 3852 19909 4642 3847 7104 4913 38 2606 4362 5492 13582 19929 16176 7163 10803 23555 12545 27178 11207 28248 9291 2734 17389 16618 20572 27989 7002 8624 13280 615 18831 7329 22939 15650 26067 19296 11319 21616 18395 2262 20950 26083 11713 27944 9663 19138 15519 2145 20498 21462 3472 17994 6399 7108 27121 4523 8594 1192 80 10321 17760 28084 26059 28062 24638 27899 6940 12142 4919 3077 4079 19344 24477 10814 6465 1746 1090 2870 8652 5084 
2890 7368 357 12889 1127 21462 1972 7198 2802 27071 22422 10588 2345 14645 12194 1094 28592 695 11308 27345 5399 23564 28800 20572 13593 6349 25205 27887 27787 23801 15308 25279 3581 13382 2262 7849 24996 19909 15739 26171 28062 19618 25438 19269 22038 25658 25795 15113 8998 26234 26505 27178 25238 27738 1752 9471 27121 21546 20650 13360 25187 16407 4675 24585 1994 27017 16160 19190 3041 23823 28455 23127 21161 16323 21431 13582 2491 26752 482 21767 15816 12431 16981 6279 27512 16444 20950 15670 28401 4642 12071 20153 3216 19950 22627 4117 2967 23788 6728 26071 
2890 7368 357 1127 7198 21462 1972 27071 22422 14645 2802 695 10588 2345 28592 12194 11308 1094 20572 28800 5399 27345 25205 6349 23801 23564 3581 15739 27787 27887 2262 28062 19909 13382 25658 15113 19618 1752 9471 25795 25438 27178 26505 8998 26234 19269 16407 27121 19190 27738 20650 3041 13360 23823 21161 22038 2491 1994 16160 25187 26752 13582 27017 4675 4642 482 28455 16323 20950 23127 3216 21546 26071 15292 18428 27512 2967 22627 15670 6728 24385 21534 6279 28401 25238 26171 24996 15816 16176 20153 766 21660 19950 26609 27852 115 7104 19939 8594 4362 
2890 357 7368 1127 7198 695 14645 21462 10588 11308 20572 28800 23801 9471 6349 25205 28592 2345 19909 1752 22422 2262 19190 766 26505 18428 15113 26071 5399 25658 27345 2967 20950 578 15739 27071 12194 3041 28062 4362 15292 22627 3216 27899 27121 27178 3581 7104 27512 21660 13360 15670 23823 19929 16182 21161 25795 21534 16323 482 4642 14233 8395 19618 6683 16176 3847 4913 6310 1094 4523 28401 27787 27989 23693 6267 9042 23555 3852 13582 14083 2802 16160 6361 15519 14686 2491 16868 2734 26234 28455 20650 19443 24284 8594 22939 28851 7818 4896 12273 
2890 7368 357 1127 21462 7198 14645 10588 695 11308 28592 12194 20572 28800 6349 23801 25205 2345 27787 3581 25438 15739 2262 19909 25658 28062 27178 26505 19618 9471 1752 8998 15113 25795 1094 5399 27121 16407 25279 13582 16160 19190 23564 27738 3041 2491 21161 26752 4642 3216 13360 20950 18428 482 28455 19939 28401 24385 23823 6728 2967 22627 15292 26071 15670 6465 4675 20153 27017 19950 25187 21534 6460 14083 766 26234 16176 21660 16182 27852 7104 19929 578 20498 8594 4362 115 26464 26609 23693 24477 27740 16323 22143 27899 27989 13382 3409 25827 6279 
2890 7368 357 1127 695 23801 9471 7198 18428 766 25658 578 19190 1752 13582 3852 3847 8395 26071 14645 2606 38 16176 10803 2967 4913 5492 19929 7163 21462 20498 19909 7104 11207 12545 11713 11308 24477 20572 9663 13280 27178 615 11319 7002 17389 28248 8624 17760 7329 20580 28084 16618 15346 7108 19296 27944 20508 9291 5084 26505 1416 26083 23555 21616 13010 4709 2262 4919 1192 27675 18831 12142 6349 4362 20950 10321 4823 2145 80 10814 11034 26059 25986 8652 28062 19138 21097 27989 27121 25787 26694 2870 12449 25176 26168 13850 26067 1746 24638 
