2890 357 7368 1127 7198 21462 14645 695 11308 20572 23801 6349 28800 10588 25205 25658 19909 2262 28062 9471 12194 1752 26505 15739 27178 3581 27121 19190 27071 15113 13582 25795 4642 2345 25438 21161 20950 26752 15292 3216 18428 2967 26071 25279 19618 28401 16407 2491 766 21534 22627 482 6728 27787 578 16176 4362 7104 19929 8594 27899 5399 27989 16182 27740 22939 19939 16160 24477 6460 4675 3847 20498 23564 27852 6465 3852 27887 14083 5492 22750 22143 6399 19950 27345 8624 15650 19619 18831 28455 26059 6683 28851 28092 11713 23555 15670 4913 23789 13360 
2890 357 7368 1127 7198 695 14645 21462 11308 20572 23801 10588 9471 28800 6349 19909 25205 1752 2262 766 28592 18428 19190 26071 26505 25658 15113 2967 20950 578 4362 28062 15292 3041 22627 3216 27899 15739 12194 27121 7104 19929 27178 14233 3581 8395 21161 16182 21534 21660 15670 4642 6683 3847 4523 4913 6310 16176 482 9042 19618 27989 28401 15519 23555 6267 2734 6361 7818 14686 22939 13582 3852 11133 4896 2842 14083 8594 23693 16160 24284 2491 27787 19050 27850 28851 38 5492 5336 21242 27740 28092 2606 6248 20743 27275 10803 18866 26752 15650 
2890 357 7368 1127 695 7198 14645 21462 11308 23801 20572 9471 10588 28800 6349 25205 1752 19909 2262 766 18428 28592 26505 19190 26071 25658 15113 22422 2967 578 20950 4362 28062 15292 3041 3216 15739 22627 27899 12194 27121 27178 7104 3581 21161 4642 19929 14233 8395 16182 21534 21660 482 6683 15670 3847 25795 13360 4913 23823 4523 6310 16176 3852 9042 28401 19618 15519 13582 27989 6267 6361 16323 23555 2734 7818 14686 2491 14083 4896 5492 22939 2842 11133 23693 27787 8594 27850 38 16160 24284 19050 13010 28851 2606 5336 21242 27740 22750 28455 
2890 357 7368 1127 7198 14645 21462 695 10588 28800 2345 22422 20572 28592 11308 25205 5399 6349 27345 23801 27071 12194 19909 2262 15113 9471 15739 1752 28062 26505 13382 25658 2802 19190 3581 25795 27178 1094 3041 23823 19618 27121 26071 18428 16323 27887 766 2967 20950 27512 26234 15670 15292 27787 22627 13360 20650 3216 21161 21660 482 578 4362 8998 21534 16182 27899 4642 2491 28455 7104 28401 16407 16160 22750 26609 13582 26752 19929 16176 8594 6728 27017 19443 23693 19269 12273 28851 27852 16868 25279 12951 25827 27989 22939 6279 25187 8979 2233 3852 
2890 7368 357 1127 7198 695 14645 23801 11308 9471 21462 20572 2262 1752 26505 19190 18428 19909 6349 25658 766 25205 27178 2967 3216 26071 10588 578 4642 15739 20950 15292 4362 13582 7104 28062 27121 27899 3581 21161 28592 19929 28800 21534 3852 3847 16176 14233 482 15113 6683 5492 6465 6728 8624 27989 22627 26752 4913 28401 12194 24646 23555 8395 6310 27071 3041 14083 2606 18467 4523 6361 2734 10803 20498 22939 7163 15519 27740 27850 19939 15650 9291 9042 8594 38 11133 4896 18831 28092 15755 6399 19050 7818 6460 19619 24477 17994 2491 26059 
2890 7368 357 1127 7198 21462 695 14645 11308 10588 28592 22422 20572 28800 23801 27071 6349 25205 2345 12194 2262 9471 15739 1094 3581 5399 1752 26505 27787 15113 19909 28062 27178 27345 25438 25658 23564 19190 25795 16407 19618 25279 27887 8998 13582 3041 27121 3216 18428 4642 2491 21161 2967 26071 482 766 20950 22627 15292 13382 4675 27738 13360 16160 6728 578 23823 26752 4362 24385 28401 26234 28455 14083 21534 7104 6465 15670 27899 16176 22143 27017 19929 19939 21660 19950 16182 19269 25187 16323 26171 20650 27512 115 22038 6460 23693 1994 20153 3852 
2890 7368 357 1127 7198 21462 14645 695 11308 10588 20572 23801 12194 6349 28592 25205 19909 2262 28800 25658 22422 15739 28062 27178 9471 26505 1752 2345 27121 27787 1972 15113 25795 25279 13582 19190 19618 5399 26752 8998 16407 3216 4642 27887 28401 6465 2967 20950 15292 482 3041 21161 18428 19939 6728 2491 26071 21534 23564 27738 4675 22627 16160 766 7104 578 6460 16176 4362 19929 13360 28455 8594 14083 27899 20498 24477 27989 19950 27740 27852 24385 15670 20153 16182 5492 22143 23823 26464 3847 22750 23789 23693 22939 21660 11713 6399 3852 115 26609 
2890 357 7368 1127 7198 14645 695 21462 10588 11308 20572 28800 28592 22422 23801 25205 6349 2345 9471 12194 2262 19909 1752 27071 15113 26505 15739 25658 28062 19190 27178 3581 18428 26071 27121 25795 27787 3041 766 20950 2967 23823 19618 22627 3216 15292 13360 21161 13582 578 4642 4362 1094 15670 482 8998 16407 21660 27899 16160 23564 7104 16182 2491 28401 27512 21534 19929 26752 16176 6728 28455 14083 27738 23693 3847 22750 27989 26609 8594 13010 3852 115 27740 28851 19950 6683 22939 5492 20650 8979 27852 2233 12273 20153 27017 14233 23555 25827 6267 
2890 357 7368 1127 7198 14645 695 21462 11308 23801 6349 19909 9471 2262 25658 1752 26505 28062 19190 27178 27121 18428 26071 20950 2967 3581 766 15292 3216 22627 4362 15113 578 13582 21161 4642 12194 27899 21534 7104 19929 28401 482 16176 26752 25795 6728 27989 8594 3847 27740 22939 14083 6683 14233 3852 5492 23555 8395 28092 4913 6310 15650 11133 22750 18831 8624 6361 9042 2734 19050 4523 20498 15519 24477 10803 6460 6399 6248 27850 4896 2842 13753 2606 4668 11713 15755 21242 24646 26059 26067 13010 7818 18467 634 38 24284 19619 9291 3946 
2890 357 7368 1127 7198 21462 14645 695 10588 11308 28800 20572 28592 6349 23801 19909 25658 9471 2262 12194 15739 1752 28062 27178 26505 27121 3581 19190 25795 19618 18428 13582 3041 26071 20950 2967 15292 16407 3216 8998 21161 766 22627 26752 4642 16160 28401 15670 21534 2491 482 578 6728 4362 16176 16182 19929 7104 27899 21660 14083 8594 27740 27989 19950 20153 27852 25438 28851 3847 22939 23693 24385 20498 24477 6460 25279 3852 5492 22143 26464 19939 6399 13010 6683 28092 8624 23555 4675 6465 15650 11713 20743 18831 6267 9895 19422 26059 14233 16652 
