2890 7368 357 1127 7198 21462 1972 12889 27071 2802 14645 695 22422 10588 11308 1094 28592 12194 2345 20572 5399 23801 28800 6349 23564 27345 25205 25438 27787 2262 27887 15739 3581 25279 19909 25658 27178 28062 1752 26505 9471 13382 15113 13593 19618 8998 25795 19269 22038 16407 15308 27121 27738 26171 26234 19190 4675 13582 13360 20650 24996 25187 1994 3041 2491 4642 16160 3216 482 21161 27017 21546 26752 6465 28455 2967 18428 23823 24385 15292 6728 6279 20950 19939 22627 23127 7849 26071 28401 21534 766 19950 16323 27512 20153 14083 15816 6460 22143 18110 
2890 357 7368 1127 7198 21462 14645 695 10588 1972 11308 28800 2345 22422 20572 28592 25205 27071 5399 6349 27345 23801 12194 9471 19909 2262 2802 15739 15113 1752 26505 13382 25658 27178 1094 28062 25795 3581 19190 27787 27121 19618 3041 23823 13360 26071 18428 27887 26234 20950 2967 27512 20650 16323 766 8998 22627 15670 16407 15292 13582 3216 482 21161 16160 4642 21660 28455 578 4362 27738 23127 28401 21534 26752 16182 2491 27899 6728 19269 22750 7104 19929 16176 26609 14083 23693 1994 25187 12273 6279 20153 19443 115 19950 27740 4675 27989 28851 27017 
2890 7368 357 1127 7198 21462 1972 27071 2802 22422 14645 695 10588 1094 11308 2345 12194 28592 20572 5399 27345 28800 6349 23801 25205 27787 23564 2262 27887 25438 15739 3581 19909 28062 26505 27178 25658 25279 15113 13382 19618 9471 1752 25795 8998 26234 27121 16407 13593 27738 13360 22038 19190 20650 13582 1994 3041 21161 16160 15308 26752 25187 2491 4675 3216 4642 23823 482 27017 20950 28455 22627 6465 18428 16323 19939 2967 25238 27512 6279 23127 15292 21546 24385 26071 19950 6728 28401 15670 24996 20153 6460 22143 21534 115 18110 8889 26609 14083 766 
2890 357 7368 1127 7198 695 14645 21462 11308 10588 20572 28800 23801 9471 6349 25205 19909 28592 2345 1752 22422 2262 1972 26505 25658 18428 19190 766 15113 26071 5399 27345 12194 2967 27071 20950 28062 3041 15739 578 27121 4362 22627 15292 3216 27899 27178 25795 3581 19929 27512 15670 16182 7104 13360 23823 21660 21161 16323 4642 482 21534 19618 14233 13582 28401 3847 8395 27787 6683 16176 27989 6310 16160 1094 4523 4913 15816 23693 22939 9042 26234 26752 14083 20650 6267 13010 6361 2802 15519 11133 14686 23555 27740 28455 28851 2491 27887 26609 16868 
2890 357 7368 1127 7198 14645 695 21462 10588 11308 28800 20572 28592 6349 23801 25205 9471 19909 2262 1752 25658 26505 12194 15739 15113 28062 19190 2345 27178 18428 26071 27121 766 3581 2967 3041 20950 15292 22627 3216 19618 578 25795 4362 15670 5399 21161 27899 21534 13582 4642 16182 21660 482 7104 8998 19929 28401 16160 16176 2491 16407 6728 26752 27989 8594 14083 3847 27740 28851 22939 27738 6683 3852 22750 14233 8395 5492 27852 23555 6267 19950 4913 6310 28092 27512 13010 24284 27887 14686 20153 11133 15650 20743 6361 9042 8979 22143 19050 4523 
2890 7368 357 1127 21462 7198 27071 1972 22422 14645 10588 12194 695 12889 2345 11308 28592 1094 20572 28800 27345 5399 6349 23801 25205 27887 27787 19909 2262 25658 28062 3581 23564 15739 19618 26505 25279 25438 25795 27178 15113 1752 8998 9471 13382 27121 26234 27738 19269 25187 16407 13593 19190 27017 13360 13582 26752 20650 3041 16160 23823 28455 2491 4642 21161 16323 3216 28401 4675 482 20950 15292 15670 2967 22627 18428 26071 22038 19950 20153 23127 27512 21534 26609 6728 6279 25238 26171 766 8594 27852 21660 6465 4362 7104 19939 18110 578 16176 1917 
2890 7368 357 1127 7198 21462 14645 1972 22422 10588 695 27071 28592 2345 11308 28800 12194 20572 25205 6349 23801 5399 27345 1094 27787 2262 15739 3581 28062 19909 15113 25658 27887 1752 27178 26505 25795 9471 19618 25438 8998 23564 27121 16407 19190 26234 3041 13382 13360 23823 27738 21161 25279 16160 13582 2491 3216 26752 20650 4642 482 20950 25187 18428 2967 26071 28455 16323 15292 22627 24385 6728 15670 27512 27017 4675 19269 1994 21534 28401 19950 766 21660 20153 16176 115 19939 26609 6279 7104 578 16182 23127 4362 8979 27852 14083 8594 19929 6460 
2890 7368 357 1127 21462 7198 27071 22422 14645 12194 10588 695 11308 28592 1972 25438 20572 1094 2345 27787 28800 23801 6349 25205 3581 2262 27887 5399 15739 28062 19909 19618 27345 8998 26505 25658 27178 9471 25795 15113 1752 25279 16407 27121 23564 27738 13582 6465 19939 27017 2491 16160 19190 26752 21161 3041 4642 24385 13360 482 3216 26234 28455 13382 23823 6728 4675 28401 19950 20153 20950 22627 15292 6460 3409 2967 1994 18428 15670 14083 21534 20650 26071 27852 26464 8889 6279 16176 25827 20498 115 18110 24477 8979 25714 8594 766 21660 7104 16323 
2890 357 7368 1127 7198 695 14645 21462 11308 10588 20572 28800 23801 9471 6349 25205 19909 28592 2345 1752 22422 2262 1972 26505 19190 766 25658 26071 18428 5399 15113 27345 2967 20950 27071 12194 28062 578 3041 15739 4362 22627 15292 27899 3216 27121 27178 27512 3581 15670 13360 25795 7104 16182 21660 19929 23823 16323 21534 14233 482 8395 21161 4642 6683 22750 19618 28401 3847 16176 15816 6310 4913 4523 27787 13582 1094 27989 9042 2802 6267 26234 14686 23693 15519 14083 23555 20650 2734 28455 16160 6361 16868 3852 19443 11133 22939 7818 2491 4896 
2890 357 7368 1127 7198 14645 21462 695 10588 28800 11308 20572 28592 25205 6349 23801 12194 19909 9471 2262 15113 26505 1752 15739 25658 28062 19190 27178 18428 3581 26071 27121 3041 20950 25795 766 19618 2967 27787 22627 15670 15292 3216 21161 4362 578 21660 16182 27899 482 8998 4642 16160 21534 13582 28401 19929 7104 2491 16176 16407 27887 26752 28455 23693 27738 6728 13382 14083 22750 28851 8594 27989 3847 26609 22939 27852 27740 6683 8979 19950 20153 13010 6267 14233 3852 115 8395 25827 5492 24284 12273 23555 2233 16868 20743 14686 14881 4913 22143 
2890 357 7368 1127 7198 695 14645 21462 11308 20572 23801 9471 10588 28800 6349 19909 1752 25658 2262 28592 19190 766 26505 18428 26071 2967 20950 28062 15113 578 4362 15292 27121 3041 3216 22627 27899 15739 19929 27178 7104 3581 21534 14233 8395 16182 4642 21161 15670 21660 3847 6683 16176 28401 27989 4523 6310 4913 13582 22939 9042 15519 8594 6361 2734 11133 23555 7818 3852 6267 14686 27787 27740 4896 28851 2842 16160 26752 23693 19050 2491 14083 5492 27850 21242 28092 24284 38 10803 15650 5336 2606 18831 6248 19138 15755 20743 27275 13753 18866 
2890 357 7368 1127 7198 14645 21462 695 10588 11308 28800 20572 28592 6349 25205 23801 9471 2262 19909 1752 15739 26505 12194 27178 25658 15113 28062 3581 19190 27121 18428 3041 27071 25795 26071 13582 2967 20950 16407 766 19618 3216 22627 5399 15292 21161 4642 482 8998 578 15670 2491 4362 28401 16160 6728 16182 27899 26752 21534 14083 7104 21660 19929 16176 28455 27740 19950 24385 27989 27738 28851 23693 3847 8594 3852 20153 22143 22750 4675 5492 20498 24477 25438 6683 25279 27852 22939 13010 6267 27512 20743 6460 28092 23555 8624 6399 26464 14233 6465 
2890 357 7368 1127 7198 14645 21462 695 10588 28800 2345 20572 22422 11308 28592 25205 1972 6349 5399 27345 23801 27071 12194 2262 19909 15113 9471 15739 26505 1752 28062 13382 19190 25658 2802 3581 27178 3041 1094 25795 26071 23823 18428 27121 19618 20950 2967 13360 27512 16323 22627 766 15670 26234 15292 27787 21161 27887 3216 20650 21660 482 4362 578 16182 27899 8998 21534 4642 2491 16160 16407 28455 7104 28401 6728 22750 23693 16176 27738 19929 26609 13582 19443 12273 26752 16868 14083 8594 28851 2233 115 8979 27852 27017 12951 27989 6683 1994 6267 
2890 7368 357 1127 7198 21462 695 14645 10588 11308 28592 23801 12194 20572 22422 6349 25438 28800 27787 2262 25205 2345 3581 9471 1972 15739 1752 26505 27178 28062 25658 19909 15113 8998 13582 19618 16407 25795 5399 27121 19190 4642 6465 27887 3216 3041 21161 25279 2491 19939 16160 26752 18428 27345 2967 482 20950 22627 27738 23564 26071 15292 19950 14083 6728 24385 28401 28455 24477 766 13360 578 4675 7104 20498 6460 16176 3409 4362 23823 21534 20153 8889 27017 19929 27899 15670 26464 115 25187 26234 22143 21660 23693 27740 27852 27989 8594 14855 16182 
2890 7368 357 1127 12889 7198 21462 1972 2802 27071 22422 10588 14645 695 28592 2345 1094 11308 12194 27345 5399 28800 20572 23564 6349 25205 23801 27787 3581 15739 27887 13593 2262 13382 19909 28062 25438 25279 15113 15308 26505 25795 25658 9471 1752 26171 27178 22038 19269 8998 19618 24996 26234 16407 25238 27121 21546 13360 7849 19190 27738 1994 3041 20650 4675 2491 13582 25187 23823 482 12431 23127 27017 21161 3216 16160 16323 28455 27512 4642 20950 2967 26752 6279 22627 15816 6728 24585 28401 24385 15670 18428 26071 15292 22143 19950 20153 12071 23788 6465 
2890 7368 357 1127 21462 7198 695 14645 10588 11308 28592 20572 28800 12194 23801 6349 25205 22422 27071 25658 2262 19909 3581 2345 15739 28062 27178 25438 9471 1752 26505 19618 15113 27121 8998 25795 19190 16407 5399 16160 13582 25279 21161 3041 26752 18428 3216 2491 4642 27738 27345 20950 26071 2967 15292 482 28401 23564 22627 6728 21534 766 15670 19939 28455 16176 19950 6460 13360 20153 6465 24385 8594 14083 578 27852 16182 19929 7104 4362 4675 23823 27740 27899 25187 21660 27989 24477 20498 26464 23693 26609 26234 115 22143 22939 8979 28851 6399 3847 
2890 357 7368 1127 7198 21462 27071 1972 14645 22422 2802 10588 695 12194 11308 2345 28592 1094 20572 27345 5399 28800 23801 6349 27887 25205 27787 19909 28062 25658 2262 23564 3581 15739 13382 27178 19618 25795 26505 27121 1752 9471 15113 25279 8998 26234 19269 27738 25438 20650 19190 26752 13582 25187 13360 16160 16407 23823 3041 21161 4642 20950 27017 1994 16323 28455 3216 4675 2491 482 26071 28401 18428 15292 27512 15308 15670 2967 23127 22038 22627 19950 21534 26609 6279 20153 6728 21660 27852 8594 766 16176 19929 7104 21546 25238 4362 19939 22750 23693 
2890 7368 357 1127 7198 21462 695 14645 10588 28592 11308 28800 20572 22422 6349 23801 25205 12194 2262 3581 2345 15739 9471 27071 1752 26505 27787 19909 15113 28062 25658 27178 25438 19190 3041 19618 8998 25795 5399 16407 27121 2491 3216 18428 2967 1094 27887 21161 13582 22627 26071 4642 20950 766 482 15292 16160 15670 6728 578 4362 23823 13360 28401 27738 21534 27899 19950 16182 14083 7104 26752 24385 6465 28455 27017 21660 25279 16176 25187 19929 26464 19939 20153 3852 115 5492 26234 16323 8594 27740 27989 23564 6460 22143 27852 4675 23693 28851 20743 
2890 7368 357 1127 7198 695 14645 21462 11308 23801 20572 6349 2262 25205 1752 9471 15739 26505 19909 25658 27178 28062 28800 19190 4642 27121 3216 13582 21161 18428 2967 6465 15292 25279 26071 20950 6728 482 19939 15113 12194 766 26752 578 7104 21534 22627 4362 28401 2491 25795 16407 16176 27899 19929 6460 4675 14083 3852 20498 5492 24477 3041 27989 8594 3847 27740 18467 6399 8624 6683 22939 19619 24646 26059 17760 27071 22143 28092 23555 15650 23789 14233 16182 11713 17994 20508 3763 18831 14855 4913 2606 5853 7163 22750 16526 12694 634 5084 16652 
2890 357 7368 1127 695 7198 14645 11308 23801 9471 20572 19909 1752 766 18428 19190 25658 2262 26071 26505 2967 10588 578 20950 4362 15292 3216 27899 28062 27121 7104 19929 8395 27178 14233 21534 4642 3847 6683 4913 4523 6310 16176 27989 9042 13582 15519 2734 23555 28401 3852 6361 7818 482 22939 11133 4896 38 2842 5492 27850 21242 19050 2606 27740 28092 10803 27275 15650 19138 16222 18831 15755 13753 6248 9291 27858 26752 6728 8636 8624 3077 1090 17389 26067 3595 6276 7163 24646 12545 21478 1416 634 26083 11713 11207 28248 6399 18395 3867 
