2890 357 7368 1127 7198 14645 695 21462 11308 20572 6349 23801 25205 9471 2262 19909 1752 26505 15739 19190 25658 28062 27178 18428 26071 15113 2967 766 27121 20950 12194 3216 15292 3041 22627 578 4362 21161 27899 21534 4642 482 13582 25795 7104 16176 19929 28401 16182 6728 2491 26752 14083 27989 6683 3847 8594 3852 14233 15670 27740 27787 5492 22939 22750 8395 23555 16160 6310 4913 28092 6361 8998 28851 15650 11133 9042 4523 6267 2734 19050 23693 15519 14686 2842 13360 18831 4896 24284 27850 27852 6248 8624 13010 4668 15755 16652 2606 20498 13753 
2890 357 7368 1127 7198 21462 14645 10588 695 11308 28800 22422 28592 20572 2345 1972 25205 12194 6349 23801 5399 19909 2262 25658 9471 28062 15739 15113 26505 1752 27178 25795 27121 3581 27787 27887 19618 1094 19190 23823 26234 3041 13360 8998 26071 18428 20950 16323 13582 2967 15670 21161 16407 16160 15292 27512 26752 22627 3216 482 766 27738 28401 4642 28455 21660 16182 26609 2491 21534 4362 6728 578 19929 27899 16176 25187 7104 20153 8594 27852 22750 27017 23693 19950 27740 14083 23127 8979 28851 27989 115 19443 22939 25279 12273 6279 2233 24385 25827 
2890 357 7368 1127 7198 21462 14645 695 10588 11308 28592 28800 20572 6349 25205 23801 19909 25658 12194 2262 28062 15739 9471 1752 27178 26505 3581 27121 15113 19190 19618 27787 25795 2345 13582 3041 16407 2967 20950 18428 15292 26071 3216 26752 4642 25438 21161 2491 22627 16160 21534 28401 482 766 6728 16176 578 4362 19929 8594 7104 1972 16182 24385 19950 20153 27899 14083 21660 27740 27989 27852 28455 19939 24477 6460 6465 26464 4675 20498 28851 22939 22143 5492 23693 3852 3847 22750 13360 15650 20743 18831 6399 28092 26059 11713 4095 6683 20508 6267 
2890 7368 357 1127 695 7198 9471 23801 18428 14645 766 1752 19190 578 13582 25658 26071 3216 2967 15292 4642 3852 27178 3847 19909 19929 16176 8395 7104 2606 5492 20572 24477 4913 20498 26505 7163 11713 10803 4362 38 20508 17994 8624 11319 21534 21462 15346 9663 17760 6399 9291 11207 22053 20580 27989 5084 23555 7108 26059 27121 27675 28084 24646 2262 16618 13010 26067 20950 7002 615 13280 25787 26083 18831 12545 15650 3077 28062 17389 26752 10588 28248 14855 2145 7329 14233 19296 25986 1192 27899 2734 18024 6361 1416 11286 15113 19344 27944 18891 
2890 7368 357 1127 695 7198 23801 14645 9471 18428 19190 1752 766 11308 578 3216 25658 26071 26505 19909 15292 27178 4362 4642 3852 13582 7104 14233 19929 3847 21462 2262 8395 20572 5492 4913 2606 27899 21534 38 9291 16176 27121 7163 23555 10803 6465 2734 8624 27989 20950 6310 10588 24646 15519 11207 4523 15650 6349 17994 26067 20498 17389 28062 27850 7818 27275 12545 22939 11133 18395 6683 7002 3077 15739 7108 15755 6399 21242 1090 26059 18831 26752 615 11713 19138 9663 19344 28248 24477 28084 21161 26083 13280 20508 1416 21616 11319 19619 15113 
2890 357 7368 1127 7198 14645 695 21462 10588 28800 11308 20572 6349 25205 28592 23801 19909 9471 2262 1752 25658 26505 28062 15739 19190 15113 27178 12194 3581 27121 18428 26071 3041 766 2967 22422 15292 20950 22627 3216 578 25795 4362 21161 19618 21534 4642 27899 482 27071 16182 13582 7104 28401 19929 2491 27787 16176 26752 6728 8594 16407 16160 27989 3852 22939 28851 3847 27345 14083 27740 5492 6683 27852 22750 8395 14233 23693 6267 28455 4913 23555 15650 24284 13360 20743 6310 19950 28092 14686 11133 6361 16652 13010 18831 9042 2734 4523 19050 19422 
2890 7368 357 1127 695 9471 23801 766 18428 578 25658 8395 3852 13582 2606 3847 38 10803 9663 12545 11207 13280 16176 7002 7329 615 16618 7163 1192 11713 2145 11319 7108 1752 10321 7198 8652 20580 10814 15346 5084 24477 4913 19929 19190 6530 11034 17760 26694 4709 2967 27944 19296 2870 26168 4919 15292 12449 7114 10706 20317 16603 21254 18891 20508 13850 1913 27675 26083 28771 4823 26071 23349 25721 1362 4642 22053 26186 20474 14458 458 11286 8624 994 6465 15629 373 5492 21097 3216 6772 1943 20498 9183 10312 18978 5202 22909 25787 6054 
2890 7368 357 1127 7198 21462 14645 10588 695 11308 28592 12194 27071 20572 28800 1972 23801 2345 6349 25205 27787 19909 2262 3581 25658 1094 15739 28062 5399 9471 27178 25438 26505 1752 15113 27887 19618 8998 25795 27121 16407 13582 19190 25279 23564 27738 3041 16160 26752 13360 2491 21161 4642 3216 20950 23823 18428 28401 25187 2967 482 26071 13382 28455 22627 6728 15292 15670 24385 27017 20153 6465 19950 19939 4675 766 21534 14083 21660 6460 7104 16323 16176 578 19269 4362 16182 27852 19929 8594 23693 26609 20650 20498 27899 8979 27740 26464 6279 115 
2890 357 7368 1127 7198 21462 14645 695 10588 11308 28592 28800 20572 6349 25205 23801 19909 25658 12194 2262 28062 15739 27178 9471 1752 26505 3581 27121 15113 19618 19190 25795 8998 13582 3041 16407 26752 27071 20950 16160 26071 2967 18428 21161 15292 4642 3216 25438 28401 2491 22627 21534 15670 482 6728 766 16176 16182 578 19929 4362 8594 19950 7104 20153 24385 27852 14083 27899 27740 27989 6460 1972 19939 24477 26464 28851 20498 22939 5399 6465 23693 4675 3847 22143 5492 22750 3852 6399 20743 18831 11713 15650 28092 26059 9895 23823 8624 23789 19422 
2890 7368 357 1127 695 9471 23801 18428 766 578 25658 13582 7198 8395 3847 38 3852 2606 1752 19190 10803 12545 9663 26071 13280 15292 11207 14645 11713 20580 7002 3216 615 7329 4642 16618 16176 24477 7108 15346 2145 17760 8652 10814 1192 5084 10321 5492 7104 4919 11034 26083 4709 27178 20498 6530 26168 26694 12449 20508 2870 9291 19296 28248 17389 13850 20572 6399 11308 21462 26186 18024 28771 26067 18891 7114 23555 22053 25787 21534 1416 21254 25721 4362 1913 26505 4823 14458 25176 10706 21097 25986 27989 3077 18831 6772 1362 26059 11286 12142 
2890 357 7368 1127 7198 14645 21462 695 11308 20572 6349 25205 23801 19909 9471 2262 1752 25658 26505 15739 28062 27178 19190 27121 15113 3581 18428 12194 26071 2967 20950 766 15292 22627 3216 25795 13582 578 4362 21161 4642 21534 482 28401 27899 16182 19929 16176 7104 26752 2491 16407 6728 14083 27989 8594 27740 3847 22939 3852 6683 22750 28851 5492 14233 8395 23555 28092 27852 15650 4913 22143 6310 23823 11133 20498 14686 19950 18831 13010 24477 8624 6361 24284 19050 6460 9042 6399 20743 16652 2734 10803 11713 6248 4523 25279 4668 4675 19422 2842 
2890 7368 357 1127 7198 21462 22422 695 14645 10588 28592 27071 11308 20572 28800 2345 12194 23801 6349 25205 27787 2262 3581 1094 25438 15739 5399 26505 9471 1752 15113 27345 19909 28062 27178 25658 27887 25795 8998 19618 16407 19190 27121 13582 3041 23564 2491 21161 13360 3216 4642 16160 25279 18428 23823 2967 482 27738 26071 6728 20950 22627 26234 26752 15292 24385 6465 766 28401 25187 28455 15670 19939 19950 14083 27017 4675 16323 4362 115 7104 578 27899 20153 21660 21534 27512 6460 16182 19929 16176 8889 3409 22143 20498 23693 25827 26609 2233 8979 
2890 357 7368 1127 7198 21462 14645 695 10588 11308 28800 28592 20572 25205 6349 12194 23801 19909 2262 28062 15739 25658 26505 15113 1752 9471 3581 27178 27121 19618 27787 19190 25795 3041 27071 8998 20950 26071 21161 15292 2967 16407 18428 22627 15670 3216 23823 2491 4642 26752 21534 13582 482 766 16160 28401 21660 6728 4362 16182 16176 578 27738 8594 28455 27852 27899 7104 19929 25438 13360 23693 20153 25279 19950 28851 8979 27740 27989 22939 24385 14083 26464 26609 6460 22750 3852 5492 22143 115 3847 24477 20743 19422 6683 20498 15650 6267 19939 23564 
2890 357 7368 1127 695 7198 14645 9471 23801 11308 766 1752 19909 18428 20572 19190 25658 26071 2262 26505 578 2967 4362 20950 3216 15292 25205 27899 10588 8395 27121 7104 19929 14233 4642 3847 21534 4913 27178 4523 6683 6310 16176 3852 21161 15519 27989 2734 9042 7818 6361 13582 23555 38 22939 11133 5492 4896 2606 28401 27850 3581 21242 482 2842 10803 27275 19050 19138 28092 15650 27740 16222 9291 18831 15755 13753 27858 14083 8636 1090 17389 3077 8624 12545 26752 3595 7163 26067 6728 21478 17777 6276 11207 1416 28248 24646 26083 18395 11713 
2890 357 7368 1127 7198 14645 695 21462 11308 23801 20572 6349 25205 9471 19909 1752 28592 2262 25658 26505 28062 19190 15739 27178 18428 27121 26071 766 20950 2967 3581 15113 12194 15292 3216 578 22627 4362 13582 21161 4642 27899 21534 19929 7104 25795 16176 28401 482 26752 16182 2491 19618 6728 3847 27989 27071 8594 14083 22939 16407 27740 3852 6683 5492 14233 8395 23555 4913 8624 6310 28092 15650 11133 28851 18831 6361 20498 10803 6267 13010 24477 4523 27852 2734 9042 15519 19050 14686 23693 2606 6248 6399 24646 27850 15755 24284 2842 4896 13753 
2890 7368 357 1127 7198 695 14645 23801 11308 21462 9471 20572 1752 2262 26505 19909 27178 25658 6349 19190 18428 13582 28062 15739 3216 2967 27121 766 4642 26071 15292 10588 578 15113 20950 4362 12194 7104 6465 21534 28592 27899 16176 26752 19929 21161 3581 19939 3852 3847 5492 482 25279 27989 24477 28401 20498 25795 16407 22627 8624 6460 8594 27740 6683 17994 23555 3041 6399 24646 14233 22939 26059 4913 8395 11713 14083 18467 19619 15650 17760 27071 20508 2606 28092 18831 4675 2491 7163 10803 22750 2345 11133 6310 27850 6361 13010 2734 634 26067 
2890 357 7368 1127 7198 695 14645 21462 11308 23801 6349 9471 19909 2262 1752 25658 26505 15739 27178 19190 28062 27121 18428 28592 3216 2967 3581 26071 766 12194 15292 20950 15113 4642 13582 578 21534 4362 21161 7104 22627 482 27899 19929 16176 6728 26752 28401 25795 3041 2491 25279 27989 3852 8594 2345 3847 5492 16407 6465 27740 14083 6683 22939 23555 16182 6460 14233 8395 4913 20498 19939 22750 6399 18831 28092 15650 24477 11713 4675 8624 27787 6310 5399 2606 2734 22143 24646 11133 6361 18467 26059 19050 15755 27852 4523 10803 27850 17389 15519 
2890 7368 357 1127 695 9471 23801 18428 766 578 25658 13582 7198 3852 8395 3847 2606 38 10803 16176 26071 2967 7163 19929 12545 9663 11207 15292 13280 7002 11713 14645 615 24477 11319 3216 16618 28248 7329 20580 15346 20498 7108 17760 1192 27944 7104 4709 19296 28084 2145 20508 26083 10321 10814 8624 8652 5084 4919 27675 2870 26694 1416 11034 6530 26168 27178 4823 21097 19909 6465 16603 12449 13850 6399 25787 13010 20317 17389 28771 25176 10706 2295 22053 12142 22909 21462 7114 18024 21254 26186 13623 11286 18891 6877 3077 24638 1913 4362 18831 
2890 357 7368 1127 7198 14645 695 11308 23801 9471 19909 1752 26505 6349 25658 19190 27178 18428 10588 26071 27121 2967 766 28062 20950 15292 3216 578 4362 13582 27899 4642 21534 7104 19929 16176 21161 22627 12194 26752 27989 3847 6683 14233 482 27740 3852 22939 6728 5492 28401 8395 23555 8594 6310 25795 4913 28092 15650 11133 6361 2734 8624 4523 22750 20498 18831 15519 24477 4896 27850 14083 10803 15755 2606 6399 2491 21242 7818 38 24646 19050 13753 26059 26067 9291 6460 13010 11713 7163 26083 19619 634 3077 19138 6248 17389 16222 27858 27275 
2890 357 7368 1127 7198 14645 21462 695 10588 11308 28800 20572 28592 25205 6349 23801 19909 9471 2345 2262 15739 1752 26505 15113 25658 28062 27178 19190 3581 27121 18428 26071 3041 20950 25795 2967 19618 27787 766 15292 22627 15670 3216 21161 578 4362 8998 482 16407 13582 21660 21534 4642 16182 16160 27899 2491 28401 16176 7104 19929 26752 6728 28455 27738 1094 14083 27887 23693 8594 22750 27989 28851 27740 3847 22939 27852 20153 3852 6683 19950 5492 22143 13010 25279 6267 14233 115 23555 4675 8395 20743 24284 28092 4913 15650 6310 24385 14686 12273 
