2890 357 7368 1127 7198 14645 21462 695 10588 28800 11308 20572 28592 25205 6349 23801 19909 12194 2262 9471 15739 26505 25658 28062 1752 15113 27178 3581 19190 27121 3041 25795 27787 26071 18428 20950 2967 15292 766 22627 3216 15670 21161 8998 4642 482 21534 578 21660 16407 4362 13582 2491 16160 16182 27899 28401 26752 6728 16176 7104 19929 13360 8594 27738 23693 14083 28851 27852 27989 27740 22939 20153 19950 22750 3852 3847 8979 26609 6683 5492 6267 24385 115 20743 23564 14233 15650 26464 24284 23555 28092 22143 26234 13010 8395 19422 4913 14686 25279 
2890 7368 357 1127 7198 21462 695 14645 10588 11308 28592 12194 20572 28800 22422 23801 6349 25205 2345 1972 3581 2262 15739 25438 19909 25658 28062 9471 27178 27787 26505 1752 25795 15113 5399 19618 1094 27121 16407 27887 8998 13582 19190 25279 21161 2491 3041 26752 4642 23564 3216 18428 20950 482 2967 15292 19939 6728 26071 27738 22627 28401 24385 13360 23823 766 21534 6465 28455 4675 16176 26234 19950 14083 15670 578 6460 7104 27017 4362 19929 16182 20153 27852 24477 8594 27899 115 20498 22143 21660 27740 26464 16323 23693 27989 26609 13382 6399 3409 
2890 357 7368 1127 7198 21462 14645 695 10588 28800 11308 20572 28592 25205 22422 6349 2345 23801 12194 19909 2262 9471 15113 15739 1752 26505 25658 28062 27071 27178 19190 3581 25795 27121 19618 3041 26071 18428 27787 23823 2967 20950 766 15292 13360 22627 15670 21161 3216 8998 21660 21534 578 482 16407 4362 16160 4642 16182 27899 2491 13582 1094 16176 28455 26752 28401 7104 19929 6728 23564 27738 23693 8594 22750 27852 28851 14083 27989 27017 27740 8979 22939 20153 19950 115 25827 12273 3847 6683 3852 16868 13010 5492 6267 22143 2233 14233 20743 19422 
2890 357 7368 1127 7198 14645 695 21462 11308 23801 19909 25658 10588 2262 9471 27178 1752 28062 26505 25205 27121 28592 15739 28800 13582 19190 26752 15113 25279 4642 3216 20950 18428 25795 2967 15292 26071 21534 2345 766 19939 16176 6465 578 19929 7104 4362 24477 482 6460 20498 8594 27989 27899 6728 3041 27740 22627 8998 4675 22939 3847 5492 16160 6399 11713 3852 22750 26059 18831 8624 19619 15650 28092 22143 20508 14855 16182 12694 23555 17760 18467 23564 6683 24988 17994 13010 24646 23693 10803 634 28851 20153 15670 13360 9895 24385 4913 11133 8395 
2890 7368 357 1127 7198 21462 14645 695 10588 22422 11308 28592 20572 12194 28800 27071 1972 6349 25205 23801 2345 2262 15739 3581 27787 19909 1094 5399 25658 15113 26505 28062 1752 19618 9471 27178 2802 25438 8998 23564 25795 27345 27121 19190 25279 16407 3041 21161 2491 3216 16160 13360 27738 18428 2967 26071 13582 20950 15292 482 4642 22627 27017 23823 6728 26752 28455 21534 766 15670 4675 13382 25187 28401 26234 578 4362 14083 21660 16176 27852 20153 7104 24385 27899 16323 16182 19950 6465 8594 19939 6460 22143 23693 19929 115 26609 25827 8979 26464 
2890 357 7368 1127 7198 21462 14645 695 10588 11308 28800 20572 28592 6349 25205 23801 19909 2262 9471 12194 15739 25658 26505 1752 28062 27178 15113 3581 27121 19190 3041 25795 18428 26071 2967 20950 19618 13582 15292 22627 766 16407 3216 8998 21161 15670 482 28401 4642 16160 4362 578 16182 2491 21534 26752 6728 21660 27899 19929 7104 16176 14083 27738 27740 8594 27989 23693 20153 19950 28851 27852 22750 3847 24385 3852 22939 5492 6683 22143 25279 25438 6267 13010 20498 4675 28092 8979 26464 115 23555 6460 20743 15650 24477 14233 6399 24284 8395 8624 
2890 7368 357 1127 7198 695 14645 11308 10588 23801 20572 28592 12194 6349 25205 28800 25658 19909 2262 28062 9471 1752 15739 26505 27178 27121 2345 25438 13582 15113 25795 19190 19618 25279 4642 26752 16407 3216 5399 18428 1094 20950 21161 3041 2967 28401 26071 15292 2491 482 6465 766 22627 6728 19939 21534 7104 16176 578 19929 4362 23564 4675 24477 20498 6460 27989 27899 27740 19950 14083 24385 16182 28455 13360 27852 15670 22939 3847 5492 22143 6399 3852 26464 23823 22750 11713 8624 26059 115 25187 21660 27017 23693 28851 23789 18831 26609 19619 20508 
2890 7368 357 1127 7198 21462 695 14645 11308 23801 10588 20572 6349 28800 28592 25205 2262 9471 3581 1752 26505 25658 28062 15739 19909 12194 27071 27178 19190 15113 2345 27121 4642 3216 21161 1972 25438 27787 18428 3041 25795 19618 2967 15292 26071 20950 13582 766 22627 2491 482 578 8998 1094 5399 4362 21534 6728 26752 7104 28401 27899 19929 16176 25279 16160 8594 3852 16182 5492 14083 27887 15670 27989 3847 6465 22939 27740 19950 19939 6460 27852 24477 23564 6683 21660 20498 28455 22143 28851 4913 14233 4675 13360 8624 23823 23555 24385 15650 18831 
2890 7368 357 1127 21462 7198 10588 14645 695 11308 28592 12194 20572 28800 23801 6349 25205 25438 3581 2262 19909 25658 28062 15739 19618 27178 2345 26505 9471 8998 1752 27121 25795 15113 16407 13582 26752 16160 27887 25279 19190 3041 2491 27738 21161 4642 1094 19939 3216 28401 5399 19950 6465 24385 20950 20153 6728 15670 18428 15292 2967 482 22627 28455 6460 26071 21534 27852 16176 8594 27017 14083 26464 24477 13360 20498 766 16182 19929 7104 27740 4675 23823 21660 27989 4362 578 3409 27899 23693 25714 28851 23789 22939 26609 8889 115 6399 14855 4095 
2890 7368 357 1127 21462 7198 695 22422 14645 10588 12194 1972 28592 11308 20572 2345 28800 23801 6349 25205 27787 27887 25658 3581 25438 2262 19909 28062 5399 15739 19618 25795 27178 9471 1752 26505 8998 15113 27121 25279 23564 27738 16407 13582 19190 26234 26752 16160 27017 3041 13360 21161 4642 2491 23823 13382 28455 3216 28401 482 20950 18428 19939 20153 2967 15292 4675 6465 15670 19950 19269 6728 22627 26071 24385 16323 27852 21534 766 16176 8594 6460 20650 26609 8889 21660 26464 6279 578 7104 8979 24477 19929 1917 115 27512 16182 20498 4362 23693 
2890 357 7368 1127 7198 21462 14645 695 11308 20572 6349 23801 25205 19909 25658 2262 9471 28062 1752 27178 26505 15739 27121 3581 19190 13582 15113 25795 20950 18428 2967 26071 26752 4642 3216 15292 28401 21161 22627 3041 766 21534 482 6728 4362 19929 578 16176 19618 7104 27899 25438 16182 8594 27740 24477 27989 25279 16160 20498 14083 6460 19939 22939 3847 6465 3852 5492 4675 27852 6399 22143 8624 22750 26059 15650 19619 28092 6683 11713 18831 28851 23555 23789 28455 9895 14233 13010 20508 16652 634 11133 18467 21660 10803 4913 8395 24646 6267 19050 
2890 357 7368 1127 7198 21462 14645 695 11308 28800 23801 20572 6349 25205 25658 19909 9471 2262 28062 1752 27178 26505 15739 27121 3581 12194 13582 19190 25795 15113 18428 20950 26071 4642 2967 26752 3216 15292 21161 3041 16407 28401 766 22627 2491 19618 25438 21534 19929 6728 16176 578 482 27071 4362 7104 16182 2345 8594 27899 24477 25279 27989 27740 20498 22939 14083 19939 3847 6460 27852 6465 3852 5492 4675 6399 8624 22143 26059 28851 19619 18831 15650 11713 22750 28092 23555 6683 28455 9895 23789 5399 10803 16652 20508 13010 6267 634 11133 8395 
2890 357 7368 1127 695 7198 14645 9471 23801 11308 766 1752 18428 19909 19190 25658 26071 26505 578 2967 4362 20950 3216 15292 27899 8395 19929 27121 14233 3847 4642 25205 21534 4913 4523 27178 6683 6310 16176 3852 15519 2734 27989 7818 38 13582 6361 23555 22939 9042 11133 2606 5492 4896 21242 27850 10803 27275 19138 15650 9291 27740 18831 28092 15755 27858 8636 1090 17389 12545 8624 26067 26752 3077 7163 11207 21478 28248 26083 24646 1416 18395 11713 21616 19344 13280 6399 615 6728 26059 12318 12142 1755 23925 20498 19296 28482 23692 7002 28084 
2890 7368 357 1127 7198 21462 14645 695 10588 11308 28592 27071 20572 28800 12194 2345 6349 23801 25205 27787 1094 2262 25438 3581 15739 5399 19909 26505 9471 1752 28062 27178 25658 15113 19618 25795 27887 8998 23564 16407 25279 27121 19190 13582 3041 2491 27738 21161 3216 4642 13360 16160 482 13382 2967 26752 24385 18428 20950 23823 15292 22627 4675 28455 26234 6728 26071 27017 6465 19939 25187 28401 15670 766 21534 14083 19950 20153 578 19269 16176 21660 7104 4362 16323 6460 115 22038 27899 16182 19929 22143 6279 23693 1994 20650 25827 8594 27852 3409 
2890 357 7368 1127 7198 695 14645 21462 11308 20572 10588 9471 23801 28800 6349 19909 1752 25205 2262 28592 766 19190 26505 25658 18428 26071 2967 20950 578 28062 4362 3041 15292 22627 3216 27899 15739 27121 27178 7104 19929 14233 3581 21534 16182 8395 21161 15670 4642 21660 6683 4523 6310 3847 16176 482 4913 28401 27989 9042 15519 13582 2734 7818 6361 6267 23555 22939 11133 14686 4896 8594 2842 3852 23693 27850 14083 19050 2491 24284 28851 27740 27787 16160 21242 5492 38 28092 5336 26752 6248 15755 15650 20743 10803 2606 27275 18866 18831 19138 
2890 7368 357 1127 7198 14645 695 11308 23801 20572 10588 19909 25658 6349 2262 28592 25205 28062 27178 9471 28800 1752 26505 27121 15739 3581 13582 19190 25795 26752 2345 22422 25279 15113 4642 3216 20950 19618 18428 16407 21161 2967 15292 19939 26071 6465 21534 5399 24477 766 3041 6460 19929 20498 16176 482 6728 7104 2491 578 4362 22627 27989 8594 27740 4675 27899 22939 23564 6399 3847 14083 5492 19950 8624 16182 22750 26059 11713 3852 19619 14855 24385 23789 28455 22143 13360 18831 15650 20153 20508 28092 15670 12694 115 17760 23555 9895 18467 13010 
2890 7368 357 1127 7198 695 14645 23801 9471 21462 11308 1752 20572 25658 19190 10588 2262 13582 19909 18428 27178 6349 26505 28592 3216 766 2967 25205 4642 28800 26071 28062 578 15739 15292 27121 6465 7104 15113 3581 12194 4362 20950 16176 19929 3852 3847 21534 20498 5492 16407 24477 26752 25438 482 27989 21161 22422 3041 27899 8624 19939 14083 27787 11713 6399 22627 2345 25795 17994 1972 26059 6728 23555 8395 20508 25279 2606 28401 4913 2491 19618 10803 8594 24646 14855 18831 17760 15650 22939 14233 7163 8998 19619 6460 27505 4675 27740 13010 3763 
2890 357 7368 1127 7198 21462 14645 695 11308 20572 6349 25205 23801 28592 19909 2262 25658 9471 15739 28062 1752 26505 27178 3581 27121 19190 15113 13582 25795 18428 20950 2967 26071 3216 16407 4642 15292 26752 22627 21161 28401 21534 2491 482 766 6728 578 25438 16176 4362 27787 25279 7104 19929 16182 27899 8594 8998 14083 16160 27989 27740 6460 6465 19939 20498 24477 5492 4675 15670 22939 27852 5399 1972 3847 3852 22143 22750 28851 28455 19950 6399 21660 18831 28092 6683 15650 23555 11713 23693 26464 8624 26059 16652 23789 14233 13010 6267 19422 9895 
2890 7368 357 1127 7198 21462 695 14645 10588 11308 28592 12194 20572 27071 23801 28800 6349 25205 1972 2345 25438 2262 3581 15739 9471 19909 1094 25658 28062 1752 27178 26505 15113 19618 8998 5399 25795 27121 16407 25279 13582 23564 19190 27345 16160 3041 21161 2491 27738 3216 4642 18428 26752 482 2967 20950 6465 15292 26071 19939 4675 28401 22627 6728 13360 19950 766 24385 15670 28455 14083 23823 27017 21534 20153 13382 25187 16176 578 6460 7104 19929 4362 27852 21660 27899 8594 24477 16182 22143 26234 20498 115 26464 27740 23693 27989 3409 26609 6279 
2890 357 7368 1127 7198 695 14645 21462 11308 23801 10588 20572 9471 28800 6349 19909 1752 25205 28592 2262 26505 19190 18428 25658 766 26071 2967 20950 28062 578 4362 15739 3216 3041 15292 22627 27121 27178 27899 3581 7104 19929 21161 16182 4642 14233 21534 15670 8395 13582 6683 3847 16176 482 27989 28401 21660 6310 4523 4913 23555 9042 6361 16160 14083 22939 2491 15519 3852 6267 27787 2734 11133 8594 14686 27740 7818 2842 4896 5492 28851 28092 19050 27850 26752 24284 6728 21242 23693 38 5336 6248 15650 2606 10803 20743 13753 18866 18831 15755 
