486 807 3961 7232 8465 14311 20122 27713 1167 1673 1693 2598 2843 3003 3501 3902 3934 356 4790 5524 6222 6405 6549 6728 7036 29 8403 631 8955 9942 10131 11028 13623 14230 14244 796 14315 14316 14341 14360 15287 15418 15883 16638 16900 17209 17942 18023 18043 19196 19197 19404 30 20347 20483 20502 21435 21606 22214 22426 22956 23545 24412 24540 24808 1020 28178 28334 28449 28469 28663 28945 2387 2411 2412 2420 2443 2520 2577 63 2769 2774 2781 2815 2821 2834 442 2912 2924 2925 2963 2964 2967 2994 2998 482 3023 3059 3143 3161 
28866 613 5667 16638 486 4048 4502 4714 5411 1120 5727 6320 6549 9023 1971 17562 19145 22458 24698 25201 26190 26785 3776 3217 3425 3443 3509 3541 3577 3771 748 792 4212 4394 796 807 4865 5408 882 5453 899 939 5820 5846 5946 6007 6222 1008 6447 1020 7036 7199 7331 7528 7856 7870 8041 8052 8410 8437 8513 8601 8704 8735 8739 8788 8846 8884 8897 1099 9077 9398 9558 9599 9637 9712 11312 11620 11644 11833 11922 12099 12274 12341 12502 12612 12627 13022 13690 13820 13824 13898 13909 14210 14218 14294 14336 14355 14673 14830 
631 4048 16498 3934 63 11447 13928 14218 14227 356 8155 3902 13499 6549 963 9790 16167 338 20688 24412 8846 4642 14230 16057 9807 5725 3803 940 8788 1020 9751 6728 7499 16326 8041 18003 18794 3614 20751 8465 27881 7331 944 3776 413 14281 14294 14316 8366 1003 442 1315 9089 4502 19196 19197 1684 1707 24350 2340 25355 3571 28855 12788 3541 13898 5762 848 3576 273 3633 1625 8106 14400 14505 524 613 3908 188 16638 17626 17928 3209 9023 3408 4562 19814 20496 3479 4757 21268 22214 4981 11811 25215 11869 12222 28611 12502 28945 
16498 63 26190 24412 631 12502 486 16638 20483 21477 963 1020 12341 356 4562 8453 13928 14316 15777 4453 8846 20122 9807 12328 4502 4048 14281 4227 442 3902 11811 17479 19232 188 5837 6728 22383 22721 22836 23254 23689 8172 14227 28945 11447 3803 16720 11869 18321 18794 19173 273 19240 6549 3934 20496 13359 1315 1625 8513 2254 14323 15080 3217 27881 16343 14505 14972 456 15387 8465 15883 16057 16335 3836 3839 9062 9089 9467 17491 9790 18356 5307 11391 5673 796 19932 5863 20136 12036 6004 21202 6448 3101 944 13528 7418 13961 7499 25172 
16498 25201 24412 486 26190 7499 17993 20751 8155 8846 14227 9751 3659 4239 6728 26941 27323 631 7320 713 774 8462 8486 1027 8940 1315 11869 13881 2251 14316 3217 17626 3479 20698 356 3902 273 4502 5747 6469 27881 28855 4808 9013 9478 9619 9647 5185 11447 29 12502 13136 13518 5837 5989 14281 14311 3691 14400 16253 16343 3803 1094 3971 19475 20122 20483 8106 4048 21477 22214 23368 8172 24413 1020 4300 8507 8513 8833 28234 28530 3541 2963 2967 8174 8274 8317 8354 8364 8366 3030 3101 3180 3204 8600 8701 8704 8736 8788 522 
6728 28178 14316 16498 8650 848 1090 1534 1551 2409 2420 2438 2484 2490 2546 2871 3161 3425 3451 4017 4329 4404 4562 5408 5524 6223 6448 30 6747 6868 6882 8101 8106 8465 8515 251 9013 9066 10219 10647 10748 13468 14315 540 14385 790 16614 17594 18857 19970 20122 20483 20653 20963 22076 22663 25217 26785 811 1120 1167 1178 1193 1194 1201 1245 1252 1265 1285 1293 1296 1300 1306 1333 1338 1394 1431 1461 1488 238 1541 28 1584 1595 1599 1609 1666 1684 1687 1707 1718 1721 1743 1748 1755 1831 1870 1873 1910 1921 
486 14316 1827 3217 3803 4329 4865 5445 5820 6301 8402 8601 8799 10779 11869 11977 30 15287 15538 16638 17626 20502 23145 28178 1687 1707 1736 1741 1811 1815 135 1971 2016 2096 2268 2339 2420 2446 2461 2489 2574 2598 2769 2770 2773 2797 2894 2950 3003 3019 3066 3101 3141 273 3304 3450 3477 3501 3509 3517 3589 3606 3633 3662 3700 305 3836 3853 3867 4048 4185 4212 4254 4258 342 4337 4500 4502 4522 4693 4805 4821 356 4981 5041 5044 5323 5356 8 5453 5525 5532 5562 5610 5639 5656 5727 5793 5802 5810 
8846 14315 16638 631 486 5989 18003 20483 6115 7036 7942 8206 8507 815 12394 13076 3425 15287 15660 3860 4530 273 20502 21435 27414 3633 3667 295 3879 3895 4048 4453 334 4562 4865 5426 5762 5820 5842 779 6022 356 6434 6461 6728 6854 940 7199 7412 7720 1094 8106 1453 8305 8418 1594 8601 8624 8650 8682 8685 8788 1707 8912 8955 9024 9026 9052 9131 9202 9861 10094 10281 10561 10778 10808 10818 11312 11644 11887 12036 12145 1768 1878 13369 14210 14228 14281 14293 2598 14371 14400 14958 14965 15085 2843 2845 15916 15944 16322 
486 16638 16498 807 631 4048 8650 14230 356 30 14227 1003 14316 3501 11869 21268 9746 3803 12502 3902 2998 4562 7499 8513 19932 20483 940 24412 25201 26941 28945 7036 7292 1120 8041 8117 8242 8465 1296 1453 8685 8788 8846 8884 8955 9400 1748 9751 2958 12036 63 13824 422 3776 14244 14311 104 15660 16177 16326 551 16531 1094 17626 18022 19196 1102 4757 20572 5725 22062 22076 22956 5946 24597 24964 25116 5990 25215 6549 27506 28178 6728 6677 2322 2577 7232 7235 2722 7392 7412 2764 7576 7582 7865 7910 7988 2770 8106 2787 
631 8155 4048 8788 9089 14227 14281 24412 8846 273 7199 815 17491 20496 2958 25215 5837 11447 13518 13623 807 8106 14336 16177 16392 16498 3217 20483 8465 356 5553 26785 26941 27881 28945 3934 486 7202 22836 5408 9807 16113 1020 12503 13230 6728 13581 7036 13752 13858 13928 14218 3902 14230 14262 790 7305 3011 16128 8117 4502 4947 16503 16638 16668 30 18321 18914 19197 19232 19439 20148 3408 5762 20754 20894 3479 22956 23232 24350 11209 24413 24960 25201 6286 25938 26190 12502 6310 6448 13359 5510 11457 12328 5524 1176 13076 5667 5676 5747 
