6274 14685 21703 9713 10798 3691 7229 1243 5428 10254 22117 23909 19677 14229 9397 10052 22908 4908 19632 15294 4211 13587 9734 3231 1665 26641 2823 17860 14412 9947 22872 24513 17891 17656 22852 15125 25591 16022 11981 15476 3431 17158 13324 13508 26007 176 8867 10695 2356 6505 21151 12063 14852 9261 17297 28210 3309 12850 14369 8364 24194 23354 7802 20648 63 19377 14079 23263 1306 1897 2313 24374 23279 17672 7937 3883 5423 17640 21732 4332 27221 15212 20939 6013 995 3775 8263 1566 25079 27976 20028 3970 13171 28121 14351 10823 9174 11564 16367 7456 
29048 29053 29044 29047 29045 29049 29051 29046 29050 29052 6264 14675 21693 9703 10788 3681 7219 1233 5418 10244 22107 23899 19667 14219 9387 10042 22898 4898 19622 15284 4201 13577 9724 3221 1655 26631 2813 17850 14402 9937 22862 24503 17881 17646 22842 15115 25581 16012 11971 15466 3421 17148 13314 13498 25997 166 8857 10685 2346 6495 21141 12053 14842 9251 17287 28200 3299 12840 14359 8354 24184 23344 7792 20638 53 19367 14069 23253 1296 1887 2303 24364 23269 17662 7927 3873 5413 17630 21722 4322 27211 15202 20929 6003 985 3765 8253 1556 25069 27966 
29038 29043 29047 29034 29037 29048 29035 29039 29041 29044 29050 29036 29046 29045 29053 29049 29052 29040 29051 29042 6254 14665 21683 9693 10778 3671 7209 1223 5408 10234 22097 23889 19657 14209 9377 10032 22888 4888 19612 15274 4191 13567 9714 3211 1645 26621 2803 17840 14392 9927 22852 24493 17871 17636 22832 15105 25571 16002 11961 15456 3411 17138 13304 13488 25987 156 8847 10675 2336 6485 21131 12043 14832 9241 17277 28190 3289 12830 14349 8344 24174 23334 7782 20628 43 19357 14059 23243 1286 1877 2293 23259 17652 7917 3863 5403 17620 21712 4312 27201 
29050 29049 29028 29051 29053 29033 29052 29037 29024 29027 29046 29038 29025 29047 29029 29031 29034 29040 29026 29036 29035 29043 29039 29042 29030 29044 29041 29048 29045 29032 6244 14655 21673 9683 10768 3661 7199 1213 5398 10224 22087 23879 19647 14199 9367 10022 22878 4878 19602 15264 4181 13557 9704 3201 1635 26611 2793 17830 14382 9917 22842 24483 17861 17626 22822 15095 25561 15992 11951 15446 3401 17128 13294 13478 25977 146 8837 10665 2326 6475 21121 12033 14822 9231 17267 28180 3279 12820 14339 8334 24164 23324 7772 20618 33 19347 14049 23233 1276 1867 
29051 29040 29039 29018 29041 29053 29043 29023 29042 29050 29027 29014 29052 29047 29017 29045 29036 29028 29015 29037 29019 29049 29046 29021 29024 29030 29048 29026 29044 29025 29033 29029 29032 29020 29034 29031 29038 29035 29022 6234 14645 21663 9673 10758 3651 7189 1203 5388 10214 22077 23869 19637 14189 9357 10012 22868 4868 19592 15254 4171 13547 9694 3191 1625 26601 2783 17820 14372 9907 22832 24473 17851 17616 22812 15085 25551 15982 11941 15436 3391 17118 13284 13468 25967 136 8827 10655 2316 6465 21111 12023 14812 9221 17257 28170 3269 12810 14329 8324 24154 
29050 29041 29030 29029 29008 29031 29043 29033 29013 29032 29045 29049 29040 29017 29004 29042 29037 29007 29035 29026 29018 29005 29027 29047 29009 29039 29036 29048 29011 29014 29020 29038 29052 29006 29016 29044 29034 29015 29023 29019 29022 29010 29051 29024 29021 29028 29046 29025 29012 29053 6224 14635 21653 9663 10748 3641 7179 1193 5378 10204 22067 23859 19627 14179 9347 10002 22858 4858 19582 15244 4161 13537 9684 3181 1615 26591 2773 17810 14362 9897 22822 24463 17841 17606 22802 15075 25541 15972 11931 15426 3381 17108 13274 13458 25957 126 8817 10645 2306 6455 
29040 29031 29020 29019 28998 29048 29021 29033 29023 29003 29022 29035 29039 29030 29007 28994 29032 29027 28997 29025 29050 29016 29008 28995 29017 29047 29037 29044 28999 29029 29026 29038 29001 29004 29045 29010 29053 29028 29042 28996 29006 29034 29024 29005 29013 29052 29009 29012 29000 29051 29041 29046 29014 29011 29018 29036 29015 29002 29043 29049 6214 14625 21643 9653 10738 3631 7169 1183 10194 22057 23849 19617 14169 9337 9992 22848 4848 15234 4151 13527 9674 3171 1605 26581 2763 17800 14352 9887 22812 24453 17831 17596 22792 15065 25531 15962 11921 15416 3371 17098 
29046 29030 29021 29010 29009 28988 29038 29011 29023 29013 28993 29012 29025 29044 29029 29020 28997 28984 29051 29022 29017 28987 29015 29040 29006 28998 28985 29007 29037 29027 29034 28989 29050 29019 29016 29028 28991 29049 28994 29035 29000 29043 29018 29032 28986 28996 29024 29053 29014 29048 28995 29052 29003 29042 28999 29002 28990 29041 29031 29036 29047 29004 29001 29045 29008 29026 29005 28992 29033 29039 6204 14615 21633 9643 10728 3621 7159 1173 5358 10184 22047 23839 19607 14159 9327 9982 22838 4838 19562 15224 4141 13517 9664 3161 1595 26571 2753 17790 14342 9877 
29036 29020 29011 29000 28999 28978 29028 29001 29013 29003 28983 29002 29048 29015 29034 29049 29019 29010 28987 28974 29047 29041 29044 29012 29007 28977 29005 29030 28996 28988 28975 28997 29027 29017 29024 28979 29040 29009 29006 29018 28981 29039 28984 29025 28990 29033 29008 29022 28976 29052 28986 29014 29043 29050 29004 29038 28985 29042 28993 29032 28989 28992 28980 29031 29021 29053 29026 29045 29037 29051 28994 28991 29035 28998 28995 29046 28982 29023 29029 6194 14605 21623 9633 10718 3611 7149 1163 5348 10174 22037 23829 19597 14149 9317 9972 22828 4828 19552 15214 4131 
29026 29047 29010 29001 29050 29052 28990 28989 28968 29018 29048 28991 29003 28993 28973 28992 29038 29005 29024 29039 29046 29009 29000 28977 28964 29037 29031 29034 29002 28997 28967 28995 29020 28986 28978 28965 28987 29017 29007 29014 28969 29030 28999 28996 29008 28971 29051 29029 28974 29015 28980 29023 28998 29012 28966 29042 28976 29004 29033 29040 28994 29028 28975 29032 28983 29022 28979 28982 29049 28970 29021 29011 29043 29044 29016 29035 29027 29041 28984 28981 29053 29025 28988 29006 28985 29036 29045 28972 29013 29019 6184 14595 21613 9623 10708 3601 7139 1153 5338 10164 
