2890 695 15452 9133 25658 15454 28468 3060 458 15461 10329 8828 12072 11453 25961 295 8950 901 2585 5048 4426 3221 766 20421 14705 5752 12734 14955 15777 4536 23244 28256 8123 5311 2920 14879 10444 9901 13847 8624 1972 3230 28466 27116 23526 2304 3849 11830 16084 8709 20572 22347 23257 19582 23061 13321 2634 12232 14331 25030 1311 15057 27984 10658 16206 21177 15959 9999 10362 21679 5821 17760 20159 4806 8962 9211 11427 23307 20938 5265 5973 15735 18041 21355 2848 3041 5541 6248 6361 18551 28190 1847 7948 12275 12961 17626 21465 25944 26030 28530 
2890 695 15452 9133 25658 15454 28468 3060 458 15461 10329 8828 12072 11453 25961 295 8950 901 2585 5048 4426 3221 766 20421 14705 5752 17678 12734 17640 4536 23244 28256 8123 5311 2920 14879 10444 9901 17647 13847 8624 1972 3230 28466 27116 23526 2304 3849 11830 16084 8709 20572 22347 23257 19582 23061 13321 2634 12232 14331 25030 17639 1311 3805 15057 27984 4865 2516 21177 15959 9999 10362 21679 5821 17760 20159 4806 8962 9211 11427 23307 20938 5265 5973 15735 18041 21355 2848 3041 5541 6248 6361 18551 28190 1847 7948 12275 12961 17626 21465 
2890 695 15452 9133 25658 15454 28468 3060 458 15461 10329 8828 12072 11453 25961 295 8950 901 2585 5048 4426 3221 766 20421 14705 5752 15777 4536 23244 28256 8123 5311 2920 14879 10444 9901 13847 8624 1972 3230 28466 27116 23526 2304 3849 11830 16084 8709 22347 20572 23257 19582 23061 2634 25030 17639 1311 3805 16206 4865 2516 21177 15959 9999 10362 21679 5821 17760 20159 4806 8962 9211 11427 23307 20938 5265 5973 15735 18041 21355 2848 3041 5541 6248 6361 18551 28190 2858 21477 3896 19643 24924 27653 3139 27685 8436 16639 15053 3038 10588 
2890 695 15452 9133 25658 15454 28468 3060 458 15461 10329 8828 12072 11453 25961 295 8950 901 2585 5048 4426 3221 766 20421 14705 5752 12734 14955 4536 23244 28256 8123 5311 2920 14879 10444 9901 17647 8624 1972 3230 28466 27116 23526 2304 3849 11830 16084 8709 22347 20572 23257 19582 23061 13321 2634 12232 14331 25030 17639 1311 3805 15057 27984 10658 2516 21177 15959 9999 10362 21679 5821 17760 20159 4806 8962 9211 11427 23307 20938 5265 5973 15735 18041 21355 2848 3041 5541 6248 6361 18551 28190 1847 7948 12275 12961 17626 21465 25944 26030 
2890 695 15452 9133 25658 15454 28468 3060 458 15461 10329 8828 12072 11453 25961 295 8950 901 2585 5048 4426 3221 766 20421 14705 5752 17678 12734 14955 17640 4536 23244 28256 8123 5311 2920 14879 10444 9901 17647 13847 8624 1972 3230 28466 27116 23526 2304 3849 11830 16084 8709 22347 20572 23257 19582 23061 2634 12232 14331 25030 17639 1311 15057 27984 10658 16206 4865 2516 21177 9999 10362 21679 5821 17760 20159 4806 8962 9211 11427 23307 20938 5265 1847 7948 12275 12961 17626 21465 25944 26030 28530 2858 21477 3896 19643 24924 27653 3139 27685 
2890 695 15452 9133 25658 15454 28468 3060 458 15461 10329 8828 12072 11453 25961 295 8950 901 2585 5048 4426 3221 766 20421 14705 5752 15777 4536 23244 28256 8123 5311 2920 14879 10444 9901 17647 13847 8624 1972 3230 28466 27116 23526 2304 3849 11830 16084 8709 20572 22347 23257 19582 23061 13321 2634 12232 14331 17639 1311 15057 27984 10658 16206 4865 2516 21177 15959 9999 10362 21679 5821 17760 20159 4806 8962 9211 11427 23307 20938 5265 5973 15735 18041 21355 2848 3041 5541 6248 6361 18551 28190 1847 7948 12275 12961 17626 21465 25944 26030 
2890 695 15452 9133 25658 15454 28468 3060 458 15461 10329 8828 12072 11453 25961 295 8950 901 2585 5048 4426 3221 766 20421 14705 5752 17678 14955 17640 4536 23244 28256 8123 5311 2920 14879 10444 9901 17647 8624 1972 3230 28466 27116 23526 2304 3849 11830 16084 8709 20572 22347 23257 19582 23061 13321 2634 12232 14331 25030 3805 10658 16206 21177 15959 9999 10362 21679 5821 17760 20159 4806 8962 9211 11427 23307 20938 5265 5973 15735 18041 21355 2848 3041 5541 6248 6361 18551 28190 1847 7948 12275 12961 17626 21465 25944 26030 28530 2858 21477 
2890 695 15452 9133 25658 15454 28468 3060 458 15461 10329 8828 12072 11453 25961 295 8950 901 2585 5048 4426 3221 766 20421 14705 5752 15777 17640 4536 23244 28256 8123 5311 2920 14879 10444 9901 8624 1972 3230 28466 27116 23526 2304 3849 11830 16084 8709 22347 20572 23257 19582 23061 3805 15057 27984 10658 16206 4865 2516 21177 15959 9999 10362 21679 5821 17760 20159 4806 8962 9211 11427 23307 20938 2848 3041 5541 6248 6361 18551 28190 3838 10588 4226 9415 1471 12252 6883 21910 18815 9068 17624 8564 8312 6770 14058 22939 21136 5594 3927 
2890 695 15452 9133 25658 15454 28468 3060 458 15461 10329 8828 12072 11453 25961 295 8950 901 2585 5048 4426 3221 766 20421 14705 5752 17678 4536 23244 28256 8123 5311 2920 14879 10444 9901 17647 8624 1972 3230 28466 27116 23526 2304 3849 11830 16084 8709 22347 20572 23257 19582 23061 13321 17639 1311 3805 4865 21177 15959 9999 10362 21679 5821 17760 20159 4806 8962 9211 11427 23307 20938 5265 5973 15735 18041 21355 2848 3041 5541 6248 6361 18551 28190 1847 7948 12275 12961 17626 21465 25944 26030 28530 2858 21477 3139 27685 8436 16639 15053 
2890 695 15452 9133 25658 15454 28468 3060 458 15461 10329 8828 12072 11453 25961 295 8950 901 2585 5048 4426 3221 766 20421 14705 5752 17678 12734 14955 15777 17640 4536 23244 28256 8123 5311 2920 14879 10444 9901 13847 8624 1972 3230 28466 27116 23526 2304 3849 11830 16084 8709 20572 22347 23257 19582 23061 13321 12232 14331 25030 17639 1311 3805 15057 27984 10658 16206 4865 2516 21177 15959 9999 10362 21679 5821 17760 20159 4806 8962 9211 11427 23307 20938 5973 15735 18041 21355 1847 7948 12275 12961 17626 21465 25944 26030 28530 2858 21477 3896 
