18008 1671 17502 21640 6465 26071 14458 17192 27020 6772 8685 5594 16129 20938 3927 5767 4986 8564 23307 11427 26382 23342 15450 2043 16166 6530 6191 2622 3772 20159 27675 20612 13574 26489 17174 28805 13119 389 17760 5821 20829 20598 14058 22939 21136 6770 19322 8312 5447 24585 10312 8962 9211 21679 4806 13052 15113 16733 17350 10362 9999 23061 1039 21177 7784 12854 13566 21787 355 23888 7170 8884 8986 10336 10451 18198 22850 23255 775 8660 16698 11917 5486 10588 14717 10095 20507 7353 9663 9861 11730 12110 12454 12545 14799 18281 21321 28332 1544 2421 
18008 1671 17502 21640 26071 6465 17192 27020 14458 16129 4986 8685 6772 5767 20829 5594 5447 17174 28805 16166 6530 6191 2622 3772 10312 24585 20938 2043 15450 23342 3927 389 13119 27675 20612 19322 8564 15113 16733 17350 23307 11427 13574 26489 20598 26382 20159 6770 21136 22939 14058 1039 17760 8312 5821 13524 13052 8962 9211 21679 4806 4910 13350 5007 783 8422 23383 7940 11587 3592 4709 28079 9059 12882 17632 23946 24162 24210 27025 27096 28663 300 2628 13518 25787 27887 2316 12394 13826 18518 21442 800 5971 2421 11335 18281 19871 4110 5478 10588 
13524 15972 10230 26060 20317 27505 27639 12510 23438 465 16733 17350 10378 24071 20493 20986 17942 12817 7786 2338 18569 1039 8 1 89 847 424 940 15 285 45 491 961 888 814 759 305 906 282 921 802 165 914 122 507 902 448 307 801 308 404 76 304 833 918 21 464 309 224 640 643 427 27 126 84 13 878 788 99 832 352 597 367 476 943 114 826 455 447 390 349 413 175 442 599 387 418 118 178 364 606 912 589 381 14 626 449 779 692 120 
18008 13524 1671 16733 17350 1039 27639 27505 12510 23438 10230 26060 20317 15972 2338 10378 20493 24071 17942 20986 12817 7786 18569 16129 5447 15113 465 4182 9050 8395 17049 19929 13256 16526 28172 7357 28591 3517 22766 25677 1369 13185 20342 10312 8 1 108 89 940 155 15 351 337 902 932 259 122 685 95 165 23 126 76 956 202 27 13 28 237 192 578 84 14 142 640 908 476 995 51 221 141 496 1000 21 413 368 492 962 436 453 208 979 918 80 575 569 865 478 386 35 
1671 18008 13524 16733 17350 16129 1039 5447 15113 10312 24585 27020 10378 24071 17942 20986 12817 20493 7786 2338 18569 20829 27639 27505 12510 23438 17502 26071 20342 9050 13256 16526 17049 28172 28591 3517 7357 8395 22766 25677 13185 1369 19929 4182 10230 26060 20317 15972 17192 4986 1884 5352 106 19853 8153 481 6015 10887 11101 13269 21189 10056 24080 25947 24782 19619 21279 22990 14298 2679 3477 26721 24566 28477 8829 20400 3633 11384 22425 465 17174 28805 5767 5007 783 11587 24210 23946 24162 27096 28663 17632 25787 9059 12882 27887 2628 12394 13518 27025 
8 1 341 933 15 13 14 11 10 4 16 940 956 3 32 963 27 30 29 24 25 84 640 476 413 878 908 518 386 349 377 35 202 178 353 816 123 589 702 918 741 74 175 910 942 902 201 357 972 50 155 657 67 1000 359 996 31 216 441 643 767 19 738 606 914 962 352 52 22 118 154 455 579 740 912 57 130 173 267 360 753 778 802 937 66 69 99 283 367 402 34 261 363 410 411 504 823 931 132 197 
18008 1671 17502 21640 6465 26071 14458 17192 27020 6772 8685 5594 20938 16129 3927 8564 23307 11427 5767 4986 26382 20159 17760 15450 23342 2043 5821 16166 6530 2622 6191 3772 27675 20612 13574 26489 389 13119 28805 17174 14058 21136 22939 6770 20598 20829 8312 19322 21679 5447 9211 8962 24585 10312 4806 13052 15113 10362 9999 16733 17350 23061 21177 1039 7784 5486 11917 7170 18198 355 8986 16698 775 8660 8884 10336 10451 23255 23888 13566 21787 22850 12854 33 21600 26227 3266 5079 9176 2577 3763 4680 9125 10345 14825 15959 16438 21711 1263 6865 
18008 1671 17502 16129 26071 27020 17192 4986 5447 14458 20829 10312 24585 16733 17350 5767 15113 17174 28805 6465 1039 21640 16166 6191 6530 2622 3772 13524 19322 389 13119 23342 2043 15450 27675 20612 11384 8153 106 6015 28477 10887 481 11101 13269 19619 10056 20400 21279 24080 24782 8829 21189 22990 24566 25947 26721 2679 3477 14298 3633 22425 19853 5352 1884 8685 6772 20598 8422 5007 783 28079 3592 13518 4709 11587 25787 2316 2628 7940 9059 12882 17632 21442 23946 24162 24210 27025 27096 27887 28663 800 12394 13826 18518 300 23383 13350 4910 5971 
15972 10230 26060 20317 465 27639 27505 12510 23438 13524 8 1 15 759 847 16 49 814 23 802 32 126 11 122 14 58 368 149 13 165 9 5 740 910 339 62 284 328 302 287 921 114 475 940 103 65 99 274 979 118 816 398 37 812 327 50 320 384 87 466 307 20 113 127 956 263 388 68 349 408 19 167 155 382 876 175 21 257 377 390 821 22 282 335 410 77 95 440 902 878 833 932 640 343 476 428 76 442 413 512 
458 28468 15461 25658 9133 15452 695 2890 8 1 679 49 940 933 58 932 30 351 15 337 954 961 732 844 105 218 902 14 908 995 377 878 918 7 390 41 20 925 195 13 143 211 714 3 364 350 62 72 348 84 114 402 11 347 118 178 937 410 640 165 506 346 720 643 208 676 962 518 478 40 401 155 713 130 386 35 797 816 113 1000 291 921 353 126 175 798 42 741 589 503 129 702 120 357 200 381 180 307 770 217 
