2890 695 15452 9133 25658 15454 28468 3060 458 15461 10329 8828 25961 12072 13593 11453 295 8950 27984 20650 21431 27017 16668 28532 4666 901 2585 5048 4426 20572 3221 766 22038 3508 14528 18688 22422 24925 27345 11550 14087 21847 22561 28059 16714 25981 17495 25827 22870 27955 384 19269 28388 18041 22672 12431 18869 20421 8685 14705 5752 16345 5320 10091 11194 11574 12071 12343 16981 21313 21546 21575 24993 25183 25793 3033 9942 10000 11760 12961 14302 15640 16359 25852 16982 18375 23788 25260 25944 26786 28844 16450 18113 19564 26099 9862 27015 338 2233 13235 
2890 695 15452 9133 25658 15454 28468 3060 458 15461 10329 8828 25961 12072 15308 19618 11453 295 8950 27984 21768 28592 16668 10934 10588 27020 18665 8998 901 2585 5048 4426 20572 3221 766 11550 17495 25827 17639 22870 5530 24385 27955 384 7888 20153 16160 14963 6883 28214 17317 22214 25751 20421 8685 14705 5752 16345 3033 9942 10000 11760 12961 14302 15640 16359 25852 16982 18375 23788 25260 25944 26786 28844 3719 4461 28800 16450 18113 19564 26099 3041 17795 26479 16457 24624 4095 16667 18551 21490 15670 1094 16290 19355 28163 26081 17661 25438 3409 18361 
2890 695 15452 9133 25658 15454 28468 3060 458 15461 10329 8828 25961 12072 28455 12889 25238 11453 295 8950 1002 5399 23127 27017 22222 22320 10588 28532 901 2585 5048 4426 20572 3221 766 22038 11550 14087 21847 22561 28059 2345 24996 16714 25981 5530 24385 27955 384 13063 12145 14963 22214 19046 20421 8685 14705 5752 16345 5320 10091 11194 11574 12071 12343 16981 21313 21546 21575 24993 25183 25793 16982 18375 23788 25260 25944 26786 28844 3719 4461 28800 16450 18113 19564 2233 13235 3041 5445 21025 23808 22914 25950 4095 16667 18551 21490 11156 19368 27999 
2890 695 15452 9133 25658 15454 28468 3060 458 15461 10329 8828 25961 12072 13321 28455 15777 23564 25187 26234 27071 11453 295 8950 7849 23823 28409 1002 5399 23127 21768 28592 10588 17749 901 2585 5048 4426 20572 3221 766 22038 3508 14528 18688 22422 24925 27345 11550 14087 21847 22561 28059 2345 24996 17495 25827 17639 5530 24385 13360 13063 7888 20153 19269 12145 18041 22672 6883 17317 20421 8685 14705 5752 16345 5320 10091 11194 11574 12071 12343 16981 21313 21546 21575 24993 25183 25793 3033 9942 10000 11760 12961 14302 15640 16359 25852 16982 18375 23788 
2890 695 15452 9133 25658 15454 28468 3060 458 15461 10329 8828 25961 12072 11453 295 8950 8998 901 2585 5048 4426 20572 3221 766 18041 22672 17317 22214 18869 20421 8685 14705 5752 3211 20320 25172 16086 25197 17661 25438 3409 1994 25205 12057 16323 18415 14191 27685 22149 15057 4536 23244 28256 8123 5311 2920 4910 14879 10444 11830 9901 4499 8372 21465 5450 3581 2836 2787 5671 21921 18133 21448 3975 6585 28114 15816 12849 21710 24284 26816 11641 24354 115 23325 19061 3038 9068 10658 8624 3230 28466 27116 23526 12394 2304 3849 16084 8709 22347 
2890 695 15452 9133 25658 15454 1972 28468 3060 458 15461 27887 10329 8828 2802 12734 14955 27738 25961 12072 15777 23564 25187 26234 27071 13593 12889 25238 15308 19618 17678 22745 11453 16438 295 8950 7849 23823 28409 20650 21431 1002 5399 23127 27017 22222 22320 21768 28592 16668 10934 10588 4666 27020 18665 25195 17749 8998 27787 901 2585 5048 4426 20572 3221 766 3508 14528 18688 22422 24925 27345 14087 21847 22561 28059 2345 24996 16714 25981 17495 25827 17639 22870 5530 24385 27955 384 13360 7888 20153 19269 16160 28388 12145 14963 6883 28214 17317 22214 
2890 695 15452 9133 25658 15454 28468 3060 458 15461 10329 8828 25961 12072 13321 11453 16438 295 8950 27984 7849 23823 28409 20650 21431 22222 22320 10934 25195 17749 901 2585 5048 4426 20572 3221 766 22038 3508 14528 18688 22422 24925 27345 2345 24996 16714 25981 17639 22870 13360 13063 16160 28388 18041 22672 28214 20867 26397 20421 14705 5752 16345 5320 10091 11194 11574 12071 12343 16981 21313 21546 21575 24993 25183 25793 3033 9942 10000 11760 12961 14302 15640 16359 25852 3719 4461 28800 16450 18113 19564 26099 9862 27015 338 3041 5445 21025 23808 22914 
2890 695 15452 9133 25658 15454 28468 3060 458 15461 10329 8828 12072 11453 16438 295 8950 901 2585 5048 4426 3221 766 13063 12431 20867 25751 26397 20421 14705 5752 13382 27512 18551 19368 1094 19355 26081 26702 28035 25477 21660 2789 16475 22149 15057 4536 23244 28256 8123 5311 2920 14879 10444 11830 9901 5973 11628 18704 20121 24924 8436 24373 2491 22099 24003 25692 25704 26190 28484 5411 7977 5527 16215 7200 13737 25170 5647 26846 28679 5773 19572 14371 15816 5594 17624 24757 12252 19061 3038 9068 10658 8624 3230 28466 27116 23526 26227 2304 3849 
2890 695 15452 9133 25658 15454 28468 3060 458 15461 10329 8828 25961 12072 17678 11453 16438 295 8950 28532 4666 27020 18665 17749 27787 901 2585 5048 4426 3221 766 13360 7888 20153 16160 14963 12431 20867 19046 25751 18869 20421 14705 5752 26099 9862 27015 338 2233 13235 3041 5445 21025 23808 22914 25950 17795 26479 16457 24624 4095 16667 21490 8889 11130 9415 18361 1994 25205 2789 16475 22149 15057 4536 23244 28256 8123 5311 2920 4910 14879 10444 11830 9901 19683 8457 24436 25649 25832 26605 28764 28961 19950 28617 8051 23340 23661 3644 6189 16164 
2890 695 15452 9133 25658 15454 28468 3060 458 15461 10329 8828 25961 12072 22745 11453 295 8950 25195 27787 901 2585 5048 4426 3221 766 19269 28388 12145 6883 28214 19046 26397 20421 14705 5752 24585 1125 1917 8979 16651 23174 26842 11156 27999 15670 16290 28163 8889 11130 9415 26702 28035 25477 18361 21660 12057 16323 18415 14191 27685 2789 16475 15057 4536 23244 28256 8123 5311 2920 4910 14879 10444 20400 9901 24727 8713 17316 21767 27985 5423 11918 22161 24711 28133 7972 19972 22244 15040 17647 18341 28531 16640 23726 26447 3585 16036 21580 25744 26609 
