3041 4175 2967 15308 2890 19656 14124 1520 1099 4017 4675 27899 15916 14351 5647 3576 24385 13932 7104 2203 1296 18133 20354 3716 16036 26517 14881 8274 20572 12275 21448 6549 20717 3141 11077 15800 13702 63 1305 22509 1972 17668 25172 11290 1599 12036 9663 3934 2834 16429 27255 6585 26190 3240 5973 12331 11628 3552 38 11589 8485 3864 16862 2188 3870 22721 28652 1002 963 2786 4265 14379 18403 16720 9358 25945 9085 16869 3678 13322 14433 8517 25399 12117 8628 12274 4190 7741 709 3898 695 2740 27391 9305 6854 14247 24648 3867 1899 28562 
3041 15308 4175 2890 14124 1520 1099 12275 24385 2967 3576 27899 14351 5647 8274 4675 13932 1296 7104 15916 2203 26517 20354 18133 16036 20717 19656 25172 14881 63 21448 3716 21313 3141 4017 1972 12036 11077 15800 14379 22509 963 11290 16862 6854 3552 1305 2834 12331 3867 6585 3934 3240 16720 13702 38 4265 11628 9663 11589 2786 3870 8485 27255 3864 1599 9085 27713 12274 28652 20572 18403 14433 3678 26190 3898 18196 7329 27506 16429 12117 709 4190 8984 7741 695 25072 16869 2740 8517 25399 22721 2188 20889 27391 24648 9358 8628 9305 28562 
24385 3041 4175 2967 14351 1520 1296 19656 3576 18133 15916 1099 2890 4675 63 25205 27899 7104 5647 6549 8274 8884 1599 709 1305 26517 3716 14881 20354 2203 3934 3552 16036 13702 20572 3141 11077 21448 15800 20717 6986 11290 27713 17942 13623 22509 12036 3867 27506 14379 4265 9663 8984 3864 25399 963 16862 9358 2834 11628 6585 8517 12331 17668 38 24648 22721 3240 14433 7329 12274 16343 3870 18403 16720 16134 2786 11589 22214 26941 27255 16869 28652 3898 1766 26190 13322 8485 1541 22836 4190 27391 808 16429 9305 5906 6854 24620 12117 28562 
3041 14351 4175 1099 2890 18133 1520 14124 12275 15916 2967 24385 1296 19656 5647 26517 4675 13702 27899 15800 1599 16652 20717 13932 3576 20354 14881 7104 25172 21448 11077 2203 8274 21313 3716 16036 6854 3141 4017 12036 6585 11290 14379 2834 63 1972 4190 5973 4265 9663 1899 1305 12331 3240 3864 16720 2786 12274 3934 3552 14452 9358 28621 963 11628 26190 3898 27255 17668 8517 16869 11589 38 16862 8485 18403 26065 28652 27713 9085 16429 14433 12117 709 18196 16502 5526 22509 3474 695 27506 7741 26059 3870 2740 28562 766 3943 27391 22721 
2203 4175 27899 2890 4675 15308 2967 7104 14351 1520 16036 63 14124 709 11290 21448 3552 2145 13932 12275 1296 26517 20717 20354 24385 11077 8274 15800 18403 15916 3576 20572 3716 3141 12036 18133 22214 14881 7198 3864 4017 3934 14247 22509 1972 12117 27255 25172 4265 9663 2834 27391 17500 16862 442 12331 1599 1305 22705 5890 3870 7771 5647 11589 2740 14379 1093 2786 12274 38 14433 9382 16429 1899 9305 13702 16720 21313 9389 28652 16869 6549 6585 20649 3943 947 3898 1242 11628 25399 16335 695 10152 16343 4333 20889 7741 28562 963 21254 
3041 15308 4175 2890 16036 14124 1520 1099 2967 27899 18133 3576 14351 24385 2203 5647 4675 13932 20354 14881 12275 26517 7104 1296 15916 4017 19656 6549 17668 3716 22509 3141 20717 21448 8274 20572 11077 15800 12036 1599 8485 1972 11290 1305 3934 4190 963 25172 3240 5973 12331 2834 63 3864 1899 22721 27255 38 6585 14379 16720 2786 16862 11589 3870 3552 1002 11628 13702 4265 28652 28621 18403 27391 9663 13322 14433 19107 12117 709 16429 3898 5526 9305 6854 14452 27506 695 16869 21313 12274 9358 25399 28073 7741 8517 3867 8984 20889 24648 
3041 1099 4175 2967 2890 1520 14124 1296 24385 15916 3576 12275 38 5647 20572 27899 14351 4675 2203 18133 19656 13932 25172 8274 4017 26517 7104 20354 21448 3141 766 13702 3716 14881 21313 16036 20717 63 12036 3867 15800 11290 14379 22509 1305 9663 6549 16862 6854 1972 17668 3934 5973 12331 2834 3864 16652 6585 695 3240 3552 963 16429 11589 709 27391 11628 28652 16720 27255 24037 2786 3870 4265 18403 27506 7329 14433 12274 9358 1599 2839 8485 4190 8890 12117 8517 24648 16869 18196 28562 2740 8984 5526 10088 2888 25399 23391 1899 7741 
5647 3041 4175 1296 24385 14351 20717 3576 19656 1099 2967 963 27899 709 11077 4675 4265 26517 2890 38 2203 7104 16036 15916 20354 13702 21448 8274 63 815 25205 3864 9305 12036 22214 6585 1766 7292 11290 27506 18133 14881 3716 16652 16598 3552 12331 2740 10152 9089 3474 28652 9548 25399 22721 20572 13322 9085 2345 6854 16862 15800 356 766 7741 2786 3867 1093 2834 9389 16720 1253 17668 16869 2446 3240 29028 14379 8093 25170 5526 26941 9663 7422 22509 16343 3943 3870 1541 15670 779 8485 11589 16429 12274 9358 4896 5906 8517 18807 
3041 4175 20354 1520 15308 1099 2890 1296 15916 14124 4017 3576 24385 19656 12275 4675 2967 9663 26190 5647 18133 1599 7104 27899 14351 3934 8274 13932 26517 16036 2203 3141 14881 21448 7988 3716 20572 25172 11077 20717 21313 15800 2786 8485 3867 3898 12036 22509 14379 16376 11290 709 6585 6549 2834 6854 3870 27713 11628 17668 3864 12331 3240 1305 22721 3552 15470 13702 16720 38 21461 4265 5973 63 12274 963 11589 27391 27255 18403 28652 8517 16862 3678 20889 9358 4190 27506 16429 5526 25399 16502 7741 16869 7292 12117 27999 9305 28562 8628 
14351 7104 16036 2890 15308 709 9663 4175 1099 3576 38 4017 1296 1520 24385 14433 20572 3716 5647 63 11290 2967 12275 21448 3141 4675 5973 27899 20354 25399 11077 12036 18403 20717 15916 13702 1972 14881 26517 5526 18133 19656 22509 3934 25172 3240 3870 17668 2203 11628 9358 8274 17500 15800 6054 695 8884 2834 1541 8517 2637 16720 6940 8715 16335 1305 2786 27391 963 766 14379 27255 16429 20649 3552 3943 1599 16862 1899 28652 6585 3864 27506 6008 20498 20889 28562 17942 7741 3898 7329 12331 22721 11589 26190 9305 4190 16869 3062 12274 
