3041 14351 4175 2967 2890 15308 14124 4017 1099 24385 4675 27899 18133 15916 19656 1296 3934 2203 3576 7104 5647 20572 14881 12275 3141 13702 26517 20354 21448 11077 8274 3716 11290 12036 15800 20717 16036 6549 22509 3240 2834 25172 63 4190 27713 9663 1972 3864 17942 17668 12331 38 1305 5526 6585 3552 16720 5973 27255 27391 1599 3898 4265 11628 3870 16862 28652 18403 709 16869 963 2786 8485 11589 9305 26190 3943 695 9358 8517 16518 2740 20889 22721 27506 7329 16429 12117 14433 766 28621 28178 22214 6854 14247 25399 24648 1899 10088 12274 
4175 1099 14351 16036 1520 2890 7104 14124 2967 15916 18133 963 5647 1296 4675 3576 27899 20354 4017 14881 25172 20717 20572 11077 12275 8274 21448 2203 3141 3716 22509 8485 6549 4265 26517 12036 63 1305 9085 11290 709 26190 6854 4190 3864 27713 2740 2834 3934 3240 16720 12331 38 13932 11628 5973 14302 6585 9663 14379 18403 3870 16502 27255 28621 9358 11589 16862 2786 3552 3898 8517 17500 16335 9305 27506 695 20649 24648 13702 14433 12117 28562 12274 25399 766 1899 10088 3135 16429 7329 8628 16869 10781 27391 7771 5526 28652 18196 8984 
24385 963 1296 63 3041 338 16036 27899 8274 4017 7104 20354 20717 38 26517 2967 19656 11077 1099 25205 15916 8884 20572 22214 18133 2890 3934 16652 1766 4896 16862 13932 12036 8984 16343 2203 27506 4265 16335 16598 13702 709 6585 2740 1253 12331 1558 14452 3552 22721 11290 16980 766 15800 6854 2786 21448 25072 3943 6986 4190 8362 20129 4814 14433 19962 9663 3240 12672 11589 16429 3870 8890 12274 24648 14230 12275 27391 3662 313 2335 5906 18403 3898 25408 3668 15670 10781 9358 16134 2834 2446 28652 2770 16869 10152 19956 329 1093 2746 
3041 63 26517 4175 24385 1520 4017 963 14351 709 19656 1099 38 25072 11077 15916 4896 7104 1296 12036 16036 2890 27899 2203 3934 25205 20717 3864 21448 4675 13932 2967 8274 4265 16862 15800 27506 815 7292 1766 5906 6549 11290 8984 25170 2740 7988 28621 27713 20572 20354 16980 22509 2145 6585 882 766 3898 14247 16720 12331 4190 16652 2834 18403 9305 8362 2786 313 1599 23391 28652 3867 27391 3289 16335 2335 12117 8517 22721 17500 9358 9663 13623 14230 1558 14881 11589 28562 25668 7771 3552 13632 7741 16429 2188 3662 3240 26381 11995 
14351 2967 3041 5647 1296 24385 4175 1099 14124 7104 25172 15916 26517 27899 2890 63 2203 19656 963 14881 16036 3576 709 18133 25205 4675 8274 12275 1599 26190 3716 3934 11290 3552 1305 20354 27255 20717 6585 3864 13932 21448 12036 11077 7292 16862 15800 11589 22214 27506 22721 16502 20572 25399 3898 16343 13702 14379 2834 4265 3867 28652 9663 21313 7329 22509 12331 6584 38 12274 13623 9305 6854 24620 9085 18403 14843 16598 4190 1558 3474 28789 3240 25854 815 2188 8517 2740 356 1766 8715 16134 779 2335 20889 3870 8884 25170 6986 16082 
3041 15308 4175 2890 7104 14124 1296 1520 1599 27899 1099 2967 4675 8485 14351 2203 5647 3576 24385 2834 15916 12275 16036 20354 14881 8274 3716 21448 4265 19656 12036 20717 26517 3141 4017 15800 22509 11290 11077 18133 17668 6549 27506 3240 3934 12331 1305 3864 38 20421 3552 5973 10152 27255 16720 9305 20572 18403 6585 3870 12274 14379 16862 695 11589 11628 2786 963 63 4190 14433 9663 27713 766 3943 16429 12117 2740 13932 9085 2502 6854 709 24648 16869 5526 1899 22721 14452 16343 357 27391 25399 28652 3867 28562 2145 9152 7988 8984 
3041 4175 2890 15308 14124 1099 2967 1520 4675 7104 24385 14351 1296 3141 3576 27899 5647 19656 16036 18133 14881 15916 21448 2203 8274 3716 26517 12036 20354 21313 20717 13702 11077 63 11290 15800 14379 22509 9663 3934 25172 17668 6549 3552 1305 2834 3240 12331 38 5973 27255 1599 4017 6585 28652 963 3864 3870 16862 18403 11628 2786 709 9358 11589 695 16720 12274 3898 17942 20572 8517 13932 8485 14433 26190 4190 17647 3678 27713 766 7329 4265 9305 12117 3943 28178 16429 14247 27506 6854 16869 2740 22721 1899 24648 7741 20889 5526 25399 
3041 16036 4175 2967 2890 7104 15308 1520 14124 18133 1099 4675 12275 1296 24385 27899 2203 1599 19656 15916 14351 3576 22721 20572 20717 3716 14881 21448 5647 20354 709 4017 11290 26517 8274 25172 15800 3141 11077 21313 17942 14379 38 8485 4190 3934 9663 6549 1972 6854 2834 63 3864 5973 3552 12036 3240 12331 6585 16720 1305 9358 27255 12274 24648 18403 11589 14452 16862 7198 13702 4265 28652 27713 695 11628 3870 16335 2786 17500 15670 7329 8517 16869 766 12117 16429 14433 1899 10781 2188 5526 20649 7741 2888 14302 3943 963 3867 28562 
14351 1296 3041 3576 63 27899 2967 19656 15916 1099 14124 25205 24385 2890 18133 4675 20572 38 709 14881 7104 8274 12275 16036 963 7292 22214 2203 3552 14302 12036 21448 12331 13623 13702 11077 25399 4265 13932 3716 20354 20717 28178 766 11290 15800 24648 1305 14433 26517 8517 16720 2345 27506 2834 8884 1599 4190 815 356 2786 9663 22721 21313 7329 6854 6549 3474 16862 3867 22509 27391 27713 1541 14843 24620 28652 3898 16869 1899 10088 16376 9305 16429 12274 1766 19107 3240 4919 695 18403 3870 6054 16343 7988 9358 14247 16134 2888 11589 
24385 2967 4175 1296 709 1520 18133 27899 20717 2203 13702 1099 7104 38 2890 3716 8274 4896 22214 25205 15916 12275 3898 26190 2740 3552 27506 17491 4675 3934 16862 4265 14881 11077 25399 28652 16082 12331 6585 6854 7292 26444 25072 2786 11290 1766 27713 7988 13632 9305 4190 815 13623 3668 13932 14233 766 313 14452 6448 12036 2188 14433 8517 6584 5747 16343 9563 9382 16502 22509 11589 14210 1541 21313 2834 3867 7280 18403 1558 356 7329 11715 3240 12194 28621 12274 16429 9663 8884 27391 9358 14843 6310 16720 779 3971 9089 1253 5461 
