3041 2967 4175 1520 1099 2890 13702 1296 14124 15800 12275 4675 15916 7104 27899 25172 63 5647 3576 26517 14351 2203 4190 21448 14881 8274 26190 14452 13932 16036 4265 20572 20717 3552 3141 22509 6986 8884 11077 12036 21313 15048 3716 3867 11290 6549 3864 2834 9663 6854 3934 4017 27506 14379 38 8517 12331 1305 17668 11628 3240 9358 5973 24648 27255 5771 16869 963 709 7329 16862 17942 10152 27391 28652 3474 27713 3870 18403 16720 13847 19656 7988 18408 2188 11589 22836 2786 9382 695 15670 10781 28562 12274 14433 1899 3898 766 5526 12117 
3041 2967 4175 1599 14351 1520 4017 18133 15308 1296 3716 14124 19656 2890 7104 4896 63 12275 1099 15916 4675 13702 27899 9663 8274 24385 709 8884 14881 3141 26190 7988 2786 2203 26517 1305 11077 20572 6585 22214 3867 14302 20354 1541 15800 12331 13932 17668 8517 20717 6854 11290 8984 16502 27255 12036 2834 963 16862 11589 3870 14379 8485 6549 22721 14452 4265 9358 4190 8890 3240 16720 18403 28562 14210 3552 1899 27391 25580 28652 313 10152 329 15629 17232 20421 21922 27713 7198 12274 9382 17942 3971 3474 5526 8628 25399 38 15470 12117 
24385 3041 4175 963 2967 1296 20717 14124 19656 7104 1520 18133 2890 1099 15916 709 27899 14881 3716 1599 5647 4675 9663 2203 8274 15800 22721 13702 13932 21448 25172 26517 14452 12275 26444 63 20354 6854 11290 20572 3141 16502 12036 8485 12331 11077 16335 3552 3867 12274 25399 3474 1305 22509 2834 38 8890 16862 3898 8517 2786 6549 10781 26190 4190 3934 4017 14843 18403 1899 22836 2637 7741 16720 12672 4265 3240 20421 5973 9358 20649 27506 17232 28621 11589 815 14433 1541 3870 11628 27255 27713 7329 28652 24648 28562 4967 12117 695 2188 
16036 2967 4175 2890 7104 13702 18133 24385 1099 3576 14124 1296 12275 15916 4675 1599 20572 27899 14351 14881 2203 3934 20717 5647 26517 11290 3141 2145 709 3716 63 8274 4017 11077 9663 20354 21313 12036 8884 4190 14379 6585 9358 2834 27391 6549 3898 25172 12331 10781 27713 15800 14452 3864 17668 4362 26190 38 16720 3240 5973 11628 1305 24037 18403 1766 27255 12274 3870 3552 8517 18408 28652 8485 11589 963 22721 3971 7771 4265 12117 20889 16862 16429 17500 695 2786 16335 20649 14433 28562 16869 766 9305 5526 25399 1899 24853 28621 2740 
2967 4175 1296 27899 13702 3576 14351 18133 25205 7104 19656 2203 20717 1599 14124 1099 20572 15916 2890 25172 8884 13623 4896 709 9663 14452 12275 26517 13932 3716 8274 16652 22721 7292 22214 38 963 6549 12036 1558 11077 3552 4361 15048 14233 11290 19962 1766 6854 3141 8690 1541 27506 6585 9358 1305 2834 17491 815 10781 2145 21448 28652 16082 329 12274 25399 9085 12331 8863 9563 2991 9305 3867 13183 4265 26444 18403 8517 470 17942 24899 6310 14379 4919 3864 2786 19430 16335 12672 2637 7988 14247 14433 20649 15470 808 5869 27391 7741 
4175 15916 2890 4675 15308 38 4017 24385 1099 27899 19656 1296 20572 2967 1520 3552 7104 2203 20354 22509 14351 11290 5890 20717 3716 766 14881 16862 3576 12036 3141 709 11077 21448 1972 8274 15800 26517 8690 28652 2145 3934 8485 16036 5973 963 9358 2834 329 3864 18403 14452 695 4190 63 12331 16869 16720 3870 1305 6054 27391 25172 6585 3867 14379 7198 27255 22214 1599 9305 13932 11589 12117 8517 16429 7741 12274 4265 11628 9663 28562 3898 14247 9085 3135 7771 25072 6940 20889 21313 18807 24648 5461 5068 10088 11281 23391 3943 1899 
4175 3041 2967 2890 4675 4896 14124 1099 3576 16036 1520 2203 19656 1296 12275 14881 9663 13702 25205 11077 15048 27899 7104 20354 15800 3141 18133 14351 3864 5647 26517 15916 20572 63 22721 13932 2145 38 21448 3716 20717 12274 8274 3934 8884 6585 21313 11290 22509 27506 3552 11628 14379 14452 28652 4017 2834 16862 1305 12036 2786 9358 9085 17668 8517 3240 3474 12331 4265 5973 7741 16720 11589 10781 13322 24037 779 18403 27255 695 18408 8890 8128 14233 4190 14210 3870 963 25170 766 5526 25399 338 20889 4362 7329 27713 1253 12117 2188 
1296 4175 2967 27899 963 1099 5647 8884 15916 1599 14124 13702 20717 38 26517 63 2890 4896 4675 1766 14881 2203 7104 4017 8274 15800 9663 12275 4265 7292 3934 14452 12036 709 3898 3552 11077 6549 16502 1541 1305 5747 11589 28652 25399 24648 8890 11290 4945 2145 28621 4190 16343 26190 6584 16862 766 13932 14433 13623 9358 6854 8517 12274 10781 12331 1558 22509 14233 19962 4361 2834 9563 17668 20889 7329 8863 5973 8984 2637 84 779 22721 20129 17491 3867 20630 24620 17232 4362 2786 2335 14843 17942 18037 18403 1899 14210 18196 5771 
4175 14351 3041 63 16036 2967 18133 1520 963 1296 2203 20354 3716 709 15916 7104 3934 26517 3576 1766 2890 14881 14124 27899 13623 8274 12275 1305 25205 3474 11077 6549 3864 25399 26444 4265 3141 3552 6584 20717 14452 9563 13702 12274 27506 12036 6585 21448 14433 11290 13932 815 11712 4190 22509 16343 12331 6854 28652 16862 1558 26941 2834 2786 9663 12211 15800 12194 14379 7741 10152 9305 13632 10781 14233 9382 19430 5747 7329 38 25854 7292 27713 18403 2746 4896 24620 3870 16335 3867 8517 16598 22836 14843 16720 16082 6986 3898 19656 4361 
2967 4175 3576 16036 27899 2203 1520 38 1296 7104 709 14351 1599 14881 4017 14124 15916 963 2890 4896 5647 26517 3716 20717 3864 63 1099 8274 12275 13623 1766 6549 14452 1541 15800 11290 3552 3898 3934 20354 15048 22509 11077 8690 6854 1305 4361 9305 18403 16862 8485 10781 9663 1558 815 470 14233 3141 20630 6584 4945 329 24648 8884 3867 25399 11281 2786 22705 9358 4190 13322 16343 20889 14379 4981 11085 356 4265 16335 2637 17668 6310 15670 12331 5747 8517 19430 3289 24899 5280 24620 313 19656 7741 17500 25854 1899 16429 21478 
